	chr1	0	122678785		0
	chr10	0	69331447		0
	chr11	0	74389097		0
	chr12	0	72498081		0
	chr13	0	63241923		0
	chr14	0	60966679		0
	chr15	0	64190966		0
	chr16	0	59632846		0
	chr17	0	64289059		0
	chr18	0	55844845		0
	chr19	0	53741614		0
	chr2	0	85426708		0
	chr20	0	58134056		0
	chr21	0	50858623		0
	chr22	0	61439934		0
	chr23	0	52294480		0
	chr24	0	47698779		0
	chr25	0	51628933		0
	chr26	0	38964690		0
	chr27	0	45876710		0
	chr28	0	41182112		0
	chr29	0	41845238		0
	chr3	0	91889043		0
	chr30	0	40214260		0
	chr31	0	39895921		0
	chr32	0	38810281		0
	chr33	0	31377067		0
	chr34	0	42124431		0
	chr35	0	26524999		0
	chr36	0	30810995		0
	chr37	0	30902991		0
	chr38	0	23914537		0
	chr4	0	88276631		0
	chr5	0	88915250		0
	chr6	0	77573801		0
	chr7	0	80974532		0
	chr8	0	74330416		0
	chr9	0	61074082		0
	chrM	0	16727		0
	chrUn_AAEX03018827	0	405216		0
	chrUn_AAEX03019065	0	214597		0
	chrUn_AAEX03019090	0	201724		0
	chrUn_AAEX03019097	0	200877		0
	chrUn_AAEX03019222	0	139526		0
	chrUn_AAEX03019231	0	138160		0
	chrUn_AAEX03019240	0	129748		0
	chrUn_AAEX03019241	0	125962		0
	chrUn_AAEX03019307	0	115952		0
	chrUn_AAEX03019339	0	106428		0
	chrUn_AAEX03019340	0	104912		0
	chrUn_AAEX03019341	0	104646		0
	chrUn_AAEX03019443	0	87753		0
	chrUn_AAEX03019490	0	83291		0
	chrUn_AAEX03019491	0	82459		0
	chrUn_AAEX03019492	0	81605		0
	chrUn_AAEX03019535	0	79722		0
	chrUn_AAEX03019548	0	78357		0
	chrUn_AAEX03019560	0	78050		0
	chrUn_AAEX03019681	0	68721		0
	chrUn_AAEX03019691	0	68272		0
	chrUn_AAEX03019738	0	66523		0
	chrUn_AAEX03019763	0	65840		0
	chrUn_AAEX03019872	0	60346		0
	chrUn_AAEX03019893	0	59817		0
	chrUn_AAEX03019987	0	54307		0
	chrUn_AAEX03020051	0	52548		0
	chrUn_AAEX03020054	0	51964		0
	chrUn_AAEX03020055	0	51648		0
	chrUn_AAEX03020056	0	51582		0
	chrUn_AAEX03020060	0	50462		0
	chrUn_AAEX03020068	0	50005		0
	chrUn_AAEX03020105	0	49027		0
	chrUn_AAEX03020144	0	48200		0
	chrUn_AAEX03020161	0	47485		0
	chrUn_AAEX03020170	0	46689		0
	chrUn_AAEX03020242	0	45242		0
	chrUn_AAEX03020251	0	45065		0
	chrUn_AAEX03020335	0	43704		0
	chrUn_AAEX03020381	0	42803		0
	chrUn_AAEX03020403	0	42461		0
	chrUn_AAEX03020427	0	41842		0
	chrUn_AAEX03020436	0	41454		0
	chrUn_AAEX03020482	0	40931		0
	chrUn_AAEX03020487	0	40763		0
	chrUn_AAEX03020497	0	40517		0
	chrUn_AAEX03020524	0	39716		0
	chrUn_AAEX03020525	0	39345		0
	chrUn_AAEX03020533	0	39138		0
	chrUn_AAEX03020568	0	38580		0
	chrUn_AAEX03020574	0	38084		0
	chrUn_AAEX03020588	0	37707		0
	chrUn_AAEX03020610	0	37389		0
	chrUn_AAEX03020671	0	36777		0
	chrUn_AAEX03020700	0	36424		0
	chrUn_AAEX03020701	0	36421		0
	chrUn_AAEX03020729	0	35747		0
	chrUn_AAEX03020760	0	35343		0
	chrUn_AAEX03020761	0	35130		0
	chrUn_AAEX03020831	0	34229		0
	chrUn_AAEX03020839	0	33876		0
	chrUn_AAEX03020840	0	33756		0
	chrUn_AAEX03020896	0	32719		0
	chrUn_AAEX03020910	0	32251		0
	chrUn_AAEX03020926	0	31902		0
	chrUn_AAEX03020959	0	31497		0
	chrUn_AAEX03020963	0	31453		0
	chrUn_AAEX03020982	0	31015		0
	chrUn_AAEX03020983	0	30934		0
	chrUn_AAEX03021041	0	30589		0
	chrUn_AAEX03021042	0	30556		0
	chrUn_AAEX03021043	0	30501		0
	chrUn_AAEX03021044	0	30486		0
	chrUn_AAEX03021070	0	30166		0
	chrUn_AAEX03021071	0	30107		0
	chrUn_AAEX03021077	0	30040		0
	chrUn_AAEX03021094	0	29914		0
	chrUn_AAEX03021108	0	29812		0
	chrUn_AAEX03021139	0	29345		0
	chrUn_AAEX03021187	0	28914		0
	chrUn_AAEX03021193	0	28869		0
	chrUn_AAEX03021208	0	28793		0
	chrUn_AAEX03021227	0	28676		0
	chrUn_AAEX03021268	0	28369		0
	chrUn_AAEX03021281	0	28200		0
	chrUn_AAEX03021282	0	28094		0
	chrUn_AAEX03021317	0	28004		0
	chrUn_AAEX03021318	0	27996		0
	chrUn_AAEX03021345	0	27800		0
	chrUn_AAEX03021372	0	27613		0
	chrUn_AAEX03021408	0	27136		0
	chrUn_AAEX03021437	0	26985		0
	chrUn_AAEX03021458	0	26802		0
	chrUn_AAEX03021463	0	26747		0
	chrUn_AAEX03021489	0	26523		0
	chrUn_AAEX03021504	0	26408		0
	chrUn_AAEX03021513	0	26369		0
	chrUn_AAEX03021540	0	26155		0
	chrUn_AAEX03021579	0	25886		0
	chrUn_AAEX03021599	0	25686		0
	chrUn_AAEX03021648	0	25570		0
	chrUn_AAEX03021649	0	25554		0
	chrUn_AAEX03021660	0	25472		0
	chrUn_AAEX03021682	0	25092		0
	chrUn_AAEX03021701	0	24821		0
	chrUn_AAEX03021719	0	24666		0
	chrUn_AAEX03021736	0	24385		0
	chrUn_AAEX03021737	0	24368		0
	chrUn_AAEX03021761	0	24163		0
	chrUn_AAEX03021790	0	23898		0
	chrUn_AAEX03021800	0	23825		0
	chrUn_AAEX03021807	0	23812		0
	chrUn_AAEX03021822	0	23651		0
	chrUn_AAEX03021841	0	23594		0
	chrUn_AAEX03021842	0	23542		0
	chrUn_AAEX03021849	0	23440		0
	chrUn_AAEX03021853	0	23400		0
	chrUn_AAEX03021854	0	23398		0
	chrUn_AAEX03021871	0	23247		0
	chrUn_AAEX03021919	0	23069		0
	chrUn_AAEX03021932	0	23029		0
	chrUn_AAEX03021979	0	22693		0
	chrUn_AAEX03021980	0	22671		0
	chrUn_AAEX03021981	0	22655		0
	chrUn_AAEX03022003	0	22493		0
	chrUn_AAEX03022020	0	22331		0
	chrUn_AAEX03022030	0	22244		0
	chrUn_AAEX03022031	0	22218		0
	chrUn_AAEX03022032	0	22205		0
	chrUn_AAEX03022033	0	22157		0
	chrUn_AAEX03022043	0	22131		0
	chrUn_AAEX03022044	0	22078		0
	chrUn_AAEX03022057	0	22057		0
	chrUn_AAEX03022060	0	22014		0
	chrUn_AAEX03022061	0	21926		0
	chrUn_AAEX03022062	0	21925		0
	chrUn_AAEX03022063	0	21924		0
	chrUn_AAEX03022069	0	21734		0
	chrUn_AAEX03022081	0	21689		0
	chrUn_AAEX03022082	0	21667		0
	chrUn_AAEX03022083	0	21638		0
	chrUn_AAEX03022093	0	21456		0
	chrUn_AAEX03022122	0	21300		0
	chrUn_AAEX03022123	0	21212		0
	chrUn_AAEX03022139	0	21063		0
	chrUn_AAEX03022140	0	21029		0
	chrUn_AAEX03022141	0	21019		0
	chrUn_AAEX03022149	0	20926		0
	chrUn_AAEX03022156	0	20849		0
	chrUn_AAEX03022157	0	20819		0
	chrUn_AAEX03022171	0	20706		0
	chrUn_AAEX03022189	0	20628		0
	chrUn_AAEX03022193	0	20596		0
	chrUn_AAEX03022194	0	20509		0
	chrUn_AAEX03022195	0	20502		0
	chrUn_AAEX03022202	0	20472		0
	chrUn_AAEX03022203	0	20448		0
	chrUn_AAEX03022204	0	20439		0
	chrUn_AAEX03022211	0	20419		0
	chrUn_AAEX03022212	0	20401		0
	chrUn_AAEX03022213	0	20308		0
	chrUn_AAEX03022216	0	20224		0
	chrUn_AAEX03022223	0	20120		0
	chrUn_AAEX03022239	0	20029		0
	chrUn_AAEX03022240	0	20017		0
	chrUn_AAEX03022241	0	19971		0
	chrUn_AAEX03022242	0	19960		0
	chrUn_AAEX03022243	0	19955		0
	chrUn_AAEX03022244	0	19951		0
	chrUn_AAEX03022256	0	19933		0
	chrUn_AAEX03022262	0	19914		0
	chrUn_AAEX03022277	0	19865		0
	chrUn_AAEX03022291	0	19813		0
	chrUn_AAEX03022299	0	19743		0
	chrUn_AAEX03022300	0	19733		0
	chrUn_AAEX03022301	0	19724		0
	chrUn_AAEX03022317	0	19618		0
	chrUn_AAEX03022329	0	19501		0
	chrUn_AAEX03022332	0	19453		0
	chrUn_AAEX03022348	0	19394		0
	chrUn_AAEX03022357	0	19341		0
	chrUn_AAEX03022358	0	19330		0
	chrUn_AAEX03022359	0	19322		0
	chrUn_AAEX03022368	0	19293		0
	chrUn_AAEX03022378	0	19270		0
	chrUn_AAEX03022381	0	19209		0
	chrUn_AAEX03022384	0	19177		0
	chrUn_AAEX03022390	0	19173		0
	chrUn_AAEX03022391	0	19163		0
	chrUn_AAEX03022392	0	19153		0
	chrUn_AAEX03022395	0	19084		0
	chrUn_AAEX03022415	0	19046		0
	chrUn_AAEX03022441	0	18954		0
	chrUn_AAEX03022442	0	18945		0
	chrUn_AAEX03022448	0	18920		0
	chrUn_AAEX03022456	0	18907		0
	chrUn_AAEX03022474	0	18863		0
	chrUn_AAEX03022475	0	18825		0
	chrUn_AAEX03022476	0	18807		0
	chrUn_AAEX03022477	0	18807		0
	chrUn_AAEX03022483	0	18777		0
	chrUn_AAEX03022489	0	18721		0
	chrUn_AAEX03022496	0	18667		0
	chrUn_AAEX03022555	0	18404		0
	chrUn_AAEX03022578	0	18292		0
	chrUn_AAEX03022579	0	18280		0
	chrUn_AAEX03022582	0	18258		0
	chrUn_AAEX03022592	0	18225		0
	chrUn_AAEX03022606	0	18120		0
	chrUn_AAEX03022624	0	17983		0
	chrUn_AAEX03022630	0	17925		0
	chrUn_AAEX03022651	0	17883		0
	chrUn_AAEX03022659	0	17829		0
	chrUn_AAEX03022691	0	17622		0
	chrUn_AAEX03022692	0	17621		0
	chrUn_AAEX03022706	0	17537		0
	chrUn_AAEX03022707	0	17500		0
	chrUn_AAEX03022712	0	17485		0
	chrUn_AAEX03022713	0	17439		0
	chrUn_AAEX03022724	0	17372		0
	chrUn_AAEX03022735	0	17333		0
	chrUn_AAEX03022738	0	17237		0
	chrUn_AAEX03022739	0	17223		0
	chrUn_AAEX03022740	0	17198		0
	chrUn_AAEX03022741	0	17175		0
	chrUn_AAEX03022742	0	17169		0
	chrUn_AAEX03022743	0	17166		0
	chrUn_AAEX03022744	0	17146		0
	chrUn_AAEX03022745	0	17115		0
	chrUn_AAEX03022754	0	17054		0
	chrUn_AAEX03022755	0	16999		0
	chrUn_AAEX03022756	0	16998		0
	chrUn_AAEX03022759	0	16866		0
	chrUn_AAEX03022760	0	16799		0
	chrUn_AAEX03022761	0	16789		0
	chrUn_AAEX03022764	0	16767		0
	chrUn_AAEX03022777	0	16645		0
	chrUn_AAEX03022778	0	16622		0
	chrUn_AAEX03022785	0	16601		0
	chrUn_AAEX03022786	0	16573		0
	chrUn_AAEX03022787	0	16535		0
	chrUn_AAEX03022788	0	16533		0
	chrUn_AAEX03022814	0	16453		0
	chrUn_AAEX03022820	0	16411		0
	chrUn_AAEX03022821	0	16406		0
	chrUn_AAEX03022822	0	16406		0
	chrUn_AAEX03022848	0	16274		0
	chrUn_AAEX03022849	0	16274		0
	chrUn_AAEX03022858	0	16219		0
	chrUn_AAEX03022862	0	16171		0
	chrUn_AAEX03022863	0	16168		0
	chrUn_AAEX03022866	0	16128		0
	chrUn_AAEX03022877	0	16101		0
	chrUn_AAEX03022878	0	16083		0
	chrUn_AAEX03022890	0	16033		0
	chrUn_AAEX03022898	0	16030		0
	chrUn_AAEX03022907	0	15997		0
	chrUn_AAEX03022908	0	15980		0
	chrUn_AAEX03022909	0	15966		0
	chrUn_AAEX03022915	0	15896		0
	chrUn_AAEX03022941	0	15834		0
	chrUn_AAEX03022944	0	15826		0
	chrUn_AAEX03022945	0	15814		0
	chrUn_AAEX03022980	0	15772		0
	chrUn_AAEX03022981	0	15725		0
	chrUn_AAEX03022987	0	15635		0
	chrUn_AAEX03022992	0	15605		0
	chrUn_AAEX03022993	0	15568		0
	chrUn_AAEX03022994	0	15564		0
	chrUn_AAEX03023002	0	15552		0
	chrUn_AAEX03023007	0	15519		0
	chrUn_AAEX03023018	0	15446		0
	chrUn_AAEX03023019	0	15433		0
	chrUn_AAEX03023030	0	15378		0
	chrUn_AAEX03023045	0	15337		0
	chrUn_AAEX03023050	0	15314		0
	chrUn_AAEX03023059	0	15274		0
	chrUn_AAEX03023060	0	15269		0
	chrUn_AAEX03023077	0	15165		0
	chrUn_AAEX03023078	0	15160		0
	chrUn_AAEX03023081	0	15083		0
	chrUn_AAEX03023082	0	15081		0
	chrUn_AAEX03023083	0	15050		0
	chrUn_AAEX03023097	0	15024		0
	chrUn_AAEX03023107	0	14993		0
	chrUn_AAEX03023108	0	14954		0
	chrUn_AAEX03023109	0	14953		0
	chrUn_AAEX03023110	0	14948		0
	chrUn_AAEX03023113	0	14890		0
	chrUn_AAEX03023114	0	14883		0
	chrUn_AAEX03023115	0	14848		0
	chrUn_AAEX03023128	0	14781		0
	chrUn_AAEX03023136	0	14721		0
	chrUn_AAEX03023156	0	14654		0
	chrUn_AAEX03023161	0	14637		0
	chrUn_AAEX03023169	0	14624		0
	chrUn_AAEX03023172	0	14602		0
	chrUn_AAEX03023173	0	14600		0
	chrUn_AAEX03023177	0	14562		0
	chrUn_AAEX03023183	0	14508		0
	chrUn_AAEX03023200	0	14419		0
	chrUn_AAEX03023201	0	14413		0
	chrUn_AAEX03023211	0	14401		0
	chrUn_AAEX03023212	0	14381		0
	chrUn_AAEX03023213	0	14354		0
	chrUn_AAEX03023229	0	14324		0
	chrUn_AAEX03023233	0	14305		0
	chrUn_AAEX03023234	0	14300		0
	chrUn_AAEX03023240	0	14274		0
	chrUn_AAEX03023249	0	14265		0
	chrUn_AAEX03023250	0	14237		0
	chrUn_AAEX03023257	0	14197		0
	chrUn_AAEX03023258	0	14194		0
	chrUn_AAEX03023275	0	14123		0
	chrUn_AAEX03023276	0	14120		0
	chrUn_AAEX03023286	0	14077		0
	chrUn_AAEX03023291	0	14065		0
	chrUn_AAEX03023315	0	13990		0
	chrUn_AAEX03023322	0	13960		0
	chrUn_AAEX03023323	0	13933		0
	chrUn_AAEX03023324	0	13926		0
	chrUn_AAEX03023325	0	13906		0
	chrUn_AAEX03023347	0	13787		0
	chrUn_AAEX03023355	0	13740		0
	chrUn_AAEX03023356	0	13729		0
	chrUn_AAEX03023357	0	13717		0
	chrUn_AAEX03023358	0	13695		0
	chrUn_AAEX03023365	0	13684		0
	chrUn_AAEX03023366	0	13682		0
	chrUn_AAEX03023367	0	13679		0
	chrUn_AAEX03023372	0	13623		0
	chrUn_AAEX03023373	0	13593		0
	chrUn_AAEX03023374	0	13591		0
	chrUn_AAEX03023381	0	13589		0
	chrUn_AAEX03023382	0	13589		0
	chrUn_AAEX03023386	0	13585		0
	chrUn_AAEX03023391	0	13564		0
	chrUn_AAEX03023392	0	13543		0
	chrUn_AAEX03023395	0	13506		0
	chrUn_AAEX03023396	0	13493		0
	chrUn_AAEX03023402	0	13481		0
	chrUn_AAEX03023424	0	13330		0
	chrUn_AAEX03023425	0	13329		0
	chrUn_AAEX03023426	0	13325		0
	chrUn_AAEX03023431	0	13321		0
	chrUn_AAEX03023434	0	13311		0
	chrUn_AAEX03023435	0	13299		0
	chrUn_AAEX03023436	0	13294		0
	chrUn_AAEX03023437	0	13279		0
	chrUn_AAEX03023448	0	13257		0
	chrUn_AAEX03023449	0	13242		0
	chrUn_AAEX03023450	0	13231		0
	chrUn_AAEX03023451	0	13207		0
	chrUn_AAEX03023452	0	13207		0
	chrUn_AAEX03023453	0	13190		0
	chrUn_AAEX03023460	0	13152		0
	chrUn_AAEX03023468	0	13146		0
	chrUn_AAEX03023475	0	13123		0
	chrUn_AAEX03023476	0	13078		0
	chrUn_AAEX03023484	0	13055		0
	chrUn_AAEX03023485	0	13053		0
	chrUn_AAEX03023488	0	13040		0
	chrUn_AAEX03023492	0	13031		0
	chrUn_AAEX03023493	0	13011		0
	chrUn_AAEX03023494	0	13000		0
	chrUn_AAEX03023504	0	12977		0
	chrUn_AAEX03023505	0	12968		0
	chrUn_AAEX03023506	0	12952		0
	chrUn_AAEX03023507	0	12951		0
	chrUn_AAEX03023508	0	12940		0
	chrUn_AAEX03023509	0	12940		0
	chrUn_AAEX03023514	0	12930		0
	chrUn_AAEX03023518	0	12900		0
	chrUn_AAEX03023519	0	12896		0
	chrUn_AAEX03023520	0	12876		0
	chrUn_AAEX03023521	0	12820		0
	chrUn_AAEX03023522	0	12820		0
	chrUn_AAEX03023523	0	12813		0
	chrUn_AAEX03023524	0	12809		0
	chrUn_AAEX03023529	0	12755		0
	chrUn_AAEX03023534	0	12732		0
	chrUn_AAEX03023535	0	12730		0
	chrUn_AAEX03023536	0	12718		0
	chrUn_AAEX03023537	0	12715		0
	chrUn_AAEX03023538	0	12710		0
	chrUn_AAEX03023542	0	12700		0
	chrUn_AAEX03023556	0	12644		0
	chrUn_AAEX03023557	0	12632		0
	chrUn_AAEX03023558	0	12627		0
	chrUn_AAEX03023559	0	12626		0
	chrUn_AAEX03023560	0	12584		0
	chrUn_AAEX03023563	0	12569		0
	chrUn_AAEX03023566	0	12560		0
	chrUn_AAEX03023572	0	12529		0
	chrUn_AAEX03023573	0	12525		0
	chrUn_AAEX03023576	0	12514		0
	chrUn_AAEX03023581	0	12490		0
	chrUn_AAEX03023582	0	12488		0
	chrUn_AAEX03023586	0	12486		0
	chrUn_AAEX03023587	0	12478		0
	chrUn_AAEX03023593	0	12452		0
	chrUn_AAEX03023594	0	12450		0
	chrUn_AAEX03023614	0	12373		0
	chrUn_AAEX03023615	0	12341		0
	chrUn_AAEX03023616	0	12335		0
	chrUn_AAEX03023617	0	12308		0
	chrUn_AAEX03023618	0	12300		0
	chrUn_AAEX03023624	0	12273		0
	chrUn_AAEX03023627	0	12229		0
	chrUn_AAEX03023628	0	12224		0
	chrUn_AAEX03023629	0	12221		0
	chrUn_AAEX03023639	0	12175		0
	chrUn_AAEX03023640	0	12175		0
	chrUn_AAEX03023641	0	12152		0
	chrUn_AAEX03023642	0	12149		0
	chrUn_AAEX03023643	0	12145		0
	chrUn_AAEX03023644	0	12143		0
	chrUn_AAEX03023645	0	12133		0
	chrUn_AAEX03023646	0	12131		0
	chrUn_AAEX03023647	0	12130		0
	chrUn_AAEX03023648	0	12122		0
	chrUn_AAEX03023651	0	12121		0
	chrUn_AAEX03023652	0	12118		0
	chrUn_AAEX03023663	0	12108		0
	chrUn_AAEX03023664	0	12099		0
	chrUn_AAEX03023665	0	12095		0
	chrUn_AAEX03023671	0	12081		0
	chrUn_AAEX03023677	0	12066		0
	chrUn_AAEX03023681	0	12049		0
	chrUn_AAEX03023686	0	12041		0
	chrUn_AAEX03023691	0	12011		0
	chrUn_AAEX03023692	0	11979		0
	chrUn_AAEX03023693	0	11977		0
	chrUn_AAEX03023694	0	11968		0
	chrUn_AAEX03023695	0	11944		0
	chrUn_AAEX03023696	0	11923		0
	chrUn_AAEX03023701	0	11900		0
	chrUn_AAEX03023702	0	11895		0
	chrUn_AAEX03023708	0	11880		0
	chrUn_AAEX03023724	0	11845		0
	chrUn_AAEX03023725	0	11841		0
	chrUn_AAEX03023726	0	11832		0
	chrUn_AAEX03023732	0	11822		0
	chrUn_AAEX03023735	0	11800		0
	chrUn_AAEX03023736	0	11773		0
	chrUn_AAEX03023737	0	11745		0
	chrUn_AAEX03023738	0	11743		0
	chrUn_AAEX03023741	0	11739		0
	chrUn_AAEX03023742	0	11738		0
	chrUn_AAEX03023743	0	11735		0
	chrUn_AAEX03023744	0	11732		0
	chrUn_AAEX03023745	0	11728		0
	chrUn_AAEX03023754	0	11687		0
	chrUn_AAEX03023755	0	11686		0
	chrUn_AAEX03023756	0	11680		0
	chrUn_AAEX03023757	0	11661		0
	chrUn_AAEX03023758	0	11660		0
	chrUn_AAEX03023759	0	11654		0
	chrUn_AAEX03023760	0	11653		0
	chrUn_AAEX03023761	0	11635		0
	chrUn_AAEX03023762	0	11635		0
	chrUn_AAEX03023763	0	11627		0
	chrUn_AAEX03023764	0	11606		0
	chrUn_AAEX03023765	0	11601		0
	chrUn_AAEX03023766	0	11596		0
	chrUn_AAEX03023767	0	11584		0
	chrUn_AAEX03023768	0	11584		0
	chrUn_AAEX03023769	0	11581		0
	chrUn_AAEX03023770	0	11578		0
	chrUn_AAEX03023771	0	11575		0
	chrUn_AAEX03023772	0	11573		0
	chrUn_AAEX03023773	0	11560		0
	chrUn_AAEX03023776	0	11553		0
	chrUn_AAEX03023777	0	11553		0
	chrUn_AAEX03023778	0	11547		0
	chrUn_AAEX03023779	0	11546		0
	chrUn_AAEX03023782	0	11523		0
	chrUn_AAEX03023783	0	11502		0
	chrUn_AAEX03023784	0	11491		0
	chrUn_AAEX03023785	0	11474		0
	chrUn_AAEX03023786	0	11461		0
	chrUn_AAEX03023787	0	11455		0
	chrUn_AAEX03023788	0	11453		0
	chrUn_AAEX03023794	0	11451		0
	chrUn_AAEX03023808	0	11422		0
	chrUn_AAEX03023809	0	11411		0
	chrUn_AAEX03023810	0	11391		0
	chrUn_AAEX03023811	0	11391		0
	chrUn_AAEX03023812	0	11390		0
	chrUn_AAEX03023813	0	11389		0
	chrUn_AAEX03023822	0	11373		0
	chrUn_AAEX03023823	0	11343		0
	chrUn_AAEX03023824	0	11342		0
	chrUn_AAEX03023825	0	11326		0
	chrUn_AAEX03023826	0	11324		0
	chrUn_AAEX03023827	0	11299		0
	chrUn_AAEX03023828	0	11298		0
	chrUn_AAEX03023829	0	11297		0
	chrUn_AAEX03023830	0	11270		0
	chrUn_AAEX03023831	0	11263		0
	chrUn_AAEX03023832	0	11250		0
	chrUn_AAEX03023836	0	11240		0
	chrUn_AAEX03023837	0	11237		0
	chrUn_AAEX03023840	0	11232		0
	chrUn_AAEX03023841	0	11227		0
	chrUn_AAEX03023842	0	11213		0
	chrUn_AAEX03023847	0	11200		0
	chrUn_AAEX03023848	0	11192		0
	chrUn_AAEX03023849	0	11182		0
	chrUn_AAEX03023850	0	11181		0
	chrUn_AAEX03023856	0	11160		0
	chrUn_AAEX03023857	0	11129		0
	chrUn_AAEX03023858	0	11127		0
	chrUn_AAEX03023859	0	11121		0
	chrUn_AAEX03023864	0	11119		0
	chrUn_AAEX03023872	0	11108		0
	chrUn_AAEX03023873	0	11107		0
	chrUn_AAEX03023874	0	11102		0
	chrUn_AAEX03023881	0	11096		0
	chrUn_AAEX03023882	0	11095		0
	chrUn_AAEX03023883	0	11074		0
	chrUn_AAEX03023884	0	11061		0
	chrUn_AAEX03023885	0	11052		0
	chrUn_AAEX03023886	0	11037		0
	chrUn_AAEX03023887	0	11036		0
	chrUn_AAEX03023888	0	11036		0
	chrUn_AAEX03023889	0	11021		0
	chrUn_AAEX03023892	0	11012		0
	chrUn_AAEX03023900	0	11000		0
	chrUn_AAEX03023901	0	10978		0
	chrUn_AAEX03023913	0	10929		0
	chrUn_AAEX03023920	0	10880		0
	chrUn_AAEX03023921	0	10869		0
	chrUn_AAEX03023922	0	10869		0
	chrUn_AAEX03023923	0	10853		0
	chrUn_AAEX03023924	0	10853		0
	chrUn_AAEX03023925	0	10851		0
	chrUn_AAEX03023926	0	10850		0
	chrUn_AAEX03023927	0	10843		0
	chrUn_AAEX03023928	0	10843		0
	chrUn_AAEX03023929	0	10837		0
	chrUn_AAEX03023933	0	10822		0
	chrUn_AAEX03023934	0	10810		0
	chrUn_AAEX03023935	0	10808		0
	chrUn_AAEX03023940	0	10792		0
	chrUn_AAEX03023945	0	10780		0
	chrUn_AAEX03023950	0	10772		0
	chrUn_AAEX03023951	0	10765		0
	chrUn_AAEX03023952	0	10755		0
	chrUn_AAEX03023960	0	10728		0
	chrUn_AAEX03023968	0	10696		0
	chrUn_AAEX03023969	0	10687		0
	chrUn_AAEX03023970	0	10687		0
	chrUn_AAEX03023971	0	10683		0
	chrUn_AAEX03023976	0	10672		0
	chrUn_AAEX03023980	0	10664		0
	chrUn_AAEX03023987	0	10645		0
	chrUn_AAEX03023988	0	10625		0
	chrUn_AAEX03023989	0	10610		0
	chrUn_AAEX03023990	0	10609		0
	chrUn_AAEX03023995	0	10582		0
	chrUn_AAEX03023999	0	10562		0
	chrUn_AAEX03024000	0	10540		0
	chrUn_AAEX03024005	0	10538		0
	chrUn_AAEX03024006	0	10537		0
	chrUn_AAEX03024011	0	10536		0
	chrUn_AAEX03024012	0	10534		0
	chrUn_AAEX03024013	0	10532		0
	chrUn_AAEX03024014	0	10525		0
	chrUn_AAEX03024015	0	10517		0
	chrUn_AAEX03024016	0	10513		0
	chrUn_AAEX03024020	0	10510		0
	chrUn_AAEX03024021	0	10505		0
	chrUn_AAEX03024022	0	10500		0
	chrUn_AAEX03024029	0	10479		0
	chrUn_AAEX03024034	0	10456		0
	chrUn_AAEX03024035	0	10454		0
	chrUn_AAEX03024036	0	10438		0
	chrUn_AAEX03024040	0	10431		0
	chrUn_AAEX03024041	0	10418		0
	chrUn_AAEX03024042	0	10417		0
	chrUn_AAEX03024043	0	10415		0
	chrUn_AAEX03024049	0	10403		0
	chrUn_AAEX03024050	0	10399		0
	chrUn_AAEX03024051	0	10394		0
	chrUn_AAEX03024052	0	10393		0
	chrUn_AAEX03024061	0	10370		0
	chrUn_AAEX03024062	0	10367		0
	chrUn_AAEX03024063	0	10366		0
	chrUn_AAEX03024064	0	10363		0
	chrUn_AAEX03024065	0	10362		0
	chrUn_AAEX03024070	0	10356		0
	chrUn_AAEX03024071	0	10351		0
	chrUn_AAEX03024072	0	10345		0
	chrUn_AAEX03024073	0	10337		0
	chrUn_AAEX03024074	0	10329		0
	chrUn_AAEX03024075	0	10327		0
	chrUn_AAEX03024076	0	10326		0
	chrUn_AAEX03024077	0	10311		0
	chrUn_AAEX03024083	0	10309		0
	chrUn_AAEX03024084	0	10302		0
	chrUn_AAEX03024088	0	10300		0
	chrUn_AAEX03024089	0	10300		0
	chrUn_AAEX03024092	0	10277		0
	chrUn_AAEX03024093	0	10275		0
	chrUn_AAEX03024094	0	10274		0
	chrUn_AAEX03024095	0	10265		0
	chrUn_AAEX03024096	0	10263		0
	chrUn_AAEX03024097	0	10228		0
	chrUn_AAEX03024100	0	10212		0
	chrUn_AAEX03024101	0	10211		0
	chrUn_AAEX03024106	0	10204		0
	chrUn_AAEX03024107	0	10200		0
	chrUn_AAEX03024108	0	10199		0
	chrUn_AAEX03024113	0	10193		0
	chrUn_AAEX03024114	0	10183		0
	chrUn_AAEX03024115	0	10182		0
	chrUn_AAEX03024116	0	10181		0
	chrUn_AAEX03024117	0	10180		0
	chrUn_AAEX03024118	0	10178		0
	chrUn_AAEX03024119	0	10168		0
	chrUn_AAEX03024120	0	10166		0
	chrUn_AAEX03024121	0	10162		0
	chrUn_AAEX03024122	0	10162		0
	chrUn_AAEX03024123	0	10162		0
	chrUn_AAEX03024124	0	10153		0
	chrUn_AAEX03024125	0	10149		0
	chrUn_AAEX03024126	0	10147		0
	chrUn_AAEX03024129	0	10143		0
	chrUn_AAEX03024130	0	10142		0
	chrUn_AAEX03024131	0	10140		0
	chrUn_AAEX03024132	0	10137		0
	chrUn_AAEX03024133	0	10133		0
	chrUn_AAEX03024134	0	10132		0
	chrUn_AAEX03024137	0	10124		0
	chrUn_AAEX03024138	0	10113		0
	chrUn_AAEX03024143	0	10090		0
	chrUn_AAEX03024144	0	10084		0
	chrUn_AAEX03024149	0	10079		0
	chrUn_AAEX03024150	0	10069		0
	chrUn_AAEX03024151	0	10065		0
	chrUn_AAEX03024155	0	10058		0
	chrUn_AAEX03024161	0	10024		0
	chrUn_AAEX03024162	0	10023		0
	chrUn_AAEX03024163	0	10023		0
	chrUn_AAEX03024164	0	10006		0
	chrUn_AAEX03024165	0	10005		0
	chrUn_AAEX03024166	0	10004		0
	chrUn_AAEX03024167	0	10000		0
	chrUn_AAEX03024174	0	9970		0
	chrUn_AAEX03024177	0	9937		0
	chrUn_AAEX03024181	0	9923		0
	chrUn_AAEX03024182	0	9921		0
	chrUn_AAEX03024183	0	9919		0
	chrUn_AAEX03024184	0	9914		0
	chrUn_AAEX03024185	0	9913		0
	chrUn_AAEX03024186	0	9908		0
	chrUn_AAEX03024187	0	9908		0
	chrUn_AAEX03024188	0	9902		0
	chrUn_AAEX03024189	0	9859		0
	chrUn_AAEX03024193	0	9846		0
	chrUn_AAEX03024194	0	9843		0
	chrUn_AAEX03024201	0	9812		0
	chrUn_AAEX03024202	0	9811		0
	chrUn_AAEX03024203	0	9810		0
	chrUn_AAEX03024204	0	9809		0
	chrUn_AAEX03024205	0	9800		0
	chrUn_AAEX03024206	0	9788		0
	chrUn_AAEX03024207	0	9786		0
	chrUn_AAEX03024208	0	9770		0
	chrUn_AAEX03024209	0	9746		0
	chrUn_AAEX03024210	0	9722		0
	chrUn_AAEX03024218	0	9705		0
	chrUn_AAEX03024219	0	9695		0
	chrUn_AAEX03024220	0	9690		0
	chrUn_AAEX03024224	0	9679		0
	chrUn_AAEX03024225	0	9667		0
	chrUn_AAEX03024226	0	9657		0
	chrUn_AAEX03024227	0	9648		0
	chrUn_AAEX03024228	0	9646		0
	chrUn_AAEX03024235	0	9626		0
	chrUn_AAEX03024239	0	9620		0
	chrUn_AAEX03024243	0	9601		0
	chrUn_AAEX03024244	0	9597		0
	chrUn_AAEX03024245	0	9587		0
	chrUn_AAEX03024246	0	9580		0
	chrUn_AAEX03024247	0	9572		0
	chrUn_AAEX03024248	0	9571		0
	chrUn_AAEX03024249	0	9560		0
	chrUn_AAEX03024257	0	9548		0
	chrUn_AAEX03024258	0	9546		0
	chrUn_AAEX03024259	0	9533		0
	chrUn_AAEX03024260	0	9529		0
	chrUn_AAEX03024261	0	9522		0
	chrUn_AAEX03024262	0	9520		0
	chrUn_AAEX03024267	0	9499		0
	chrUn_AAEX03024268	0	9494		0
	chrUn_AAEX03024269	0	9491		0
	chrUn_AAEX03024270	0	9488		0
	chrUn_AAEX03024271	0	9484		0
	chrUn_AAEX03024272	0	9482		0
	chrUn_AAEX03024273	0	9482		0
	chrUn_AAEX03024274	0	9481		0
	chrUn_AAEX03024277	0	9477		0
	chrUn_AAEX03024278	0	9459		0
	chrUn_AAEX03024279	0	9453		0
	chrUn_AAEX03024283	0	9442		0
	chrUn_AAEX03024284	0	9439		0
	chrUn_AAEX03024285	0	9432		0
	chrUn_AAEX03024289	0	9422		0
	chrUn_AAEX03024296	0	9416		0
	chrUn_AAEX03024297	0	9413		0
	chrUn_AAEX03024298	0	9408		0
	chrUn_AAEX03024299	0	9401		0
	chrUn_AAEX03024300	0	9387		0
	chrUn_AAEX03024301	0	9387		0
	chrUn_AAEX03024302	0	9378		0
	chrUn_AAEX03024305	0	9365		0
	chrUn_AAEX03024306	0	9363		0
	chrUn_AAEX03024307	0	9361		0
	chrUn_AAEX03024308	0	9352		0
	chrUn_AAEX03024309	0	9347		0
	chrUn_AAEX03024314	0	9339		0
	chrUn_AAEX03024315	0	9334		0
	chrUn_AAEX03024316	0	9334		0
	chrUn_AAEX03024317	0	9334		0
	chrUn_AAEX03024318	0	9333		0
	chrUn_AAEX03024319	0	9332		0
	chrUn_AAEX03024323	0	9321		0
	chrUn_AAEX03024324	0	9317		0
	chrUn_AAEX03024325	0	9308		0
	chrUn_AAEX03024326	0	9301		0
	chrUn_AAEX03024331	0	9286		0
	chrUn_AAEX03024332	0	9280		0
	chrUn_AAEX03024333	0	9280		0
	chrUn_AAEX03024334	0	9279		0
	chrUn_AAEX03024335	0	9278		0
	chrUn_AAEX03024336	0	9276		0
	chrUn_AAEX03024337	0	9272		0
	chrUn_AAEX03024340	0	9265		0
	chrUn_AAEX03024341	0	9263		0
	chrUn_AAEX03024342	0	9253		0
	chrUn_AAEX03024343	0	9250		0
	chrUn_AAEX03024349	0	9228		0
	chrUn_AAEX03024350	0	9224		0
	chrUn_AAEX03024351	0	9216		0
	chrUn_AAEX03024352	0	9215		0
	chrUn_AAEX03024353	0	9214		0
	chrUn_AAEX03024354	0	9204		0
	chrUn_AAEX03024355	0	9200		0
	chrUn_AAEX03024356	0	9196		0
	chrUn_AAEX03024357	0	9192		0
	chrUn_AAEX03024358	0	9176		0
	chrUn_AAEX03024359	0	9175		0
	chrUn_AAEX03024360	0	9164		0
	chrUn_AAEX03024361	0	9160		0
	chrUn_AAEX03024362	0	9159		0
	chrUn_AAEX03024363	0	9152		0
	chrUn_AAEX03024364	0	9150		0
	chrUn_AAEX03024369	0	9145		0
	chrUn_AAEX03024370	0	9142		0
	chrUn_AAEX03024371	0	9138		0
	chrUn_AAEX03024375	0	9123		0
	chrUn_AAEX03024376	0	9121		0
	chrUn_AAEX03024377	0	9120		0
	chrUn_AAEX03024378	0	9113		0
	chrUn_AAEX03024379	0	9112		0
	chrUn_AAEX03024389	0	9101		0
	chrUn_AAEX03024390	0	9088		0
	chrUn_AAEX03024391	0	9086		0
	chrUn_AAEX03024392	0	9074		0
	chrUn_AAEX03024393	0	9062		0
	chrUn_AAEX03024394	0	9058		0
	chrUn_AAEX03024399	0	9048		0
	chrUn_AAEX03024400	0	9043		0
	chrUn_AAEX03024401	0	9043		0
	chrUn_AAEX03024402	0	9041		0
	chrUn_AAEX03024403	0	9040		0
	chrUn_AAEX03024404	0	9039		0
	chrUn_AAEX03024407	0	9031		0
	chrUn_AAEX03024411	0	9022		0
	chrUn_AAEX03024412	0	9011		0
	chrUn_AAEX03024413	0	9009		0
	chrUn_AAEX03024414	0	9000		0
	chrUn_AAEX03024415	0	8999		0
	chrUn_AAEX03024416	0	8995		0
	chrUn_AAEX03024417	0	8991		0
	chrUn_AAEX03024418	0	8985		0
	chrUn_AAEX03024419	0	8981		0
	chrUn_AAEX03024420	0	8971		0
	chrUn_AAEX03024421	0	8969		0
	chrUn_AAEX03024422	0	8967		0
	chrUn_AAEX03024423	0	8966		0
	chrUn_AAEX03024424	0	8963		0
	chrUn_AAEX03024425	0	8962		0
	chrUn_AAEX03024426	0	8959		0
	chrUn_AAEX03024431	0	8942		0
	chrUn_AAEX03024432	0	8941		0
	chrUn_AAEX03024433	0	8937		0
	chrUn_AAEX03024434	0	8935		0
	chrUn_AAEX03024438	0	8932		0
	chrUn_AAEX03024439	0	8930		0
	chrUn_AAEX03024440	0	8921		0
	chrUn_AAEX03024443	0	8916		0
	chrUn_AAEX03024444	0	8911		0
	chrUn_AAEX03024445	0	8898		0
	chrUn_AAEX03024446	0	8893		0
	chrUn_AAEX03024447	0	8890		0
	chrUn_AAEX03024448	0	8888		0
	chrUn_AAEX03024449	0	8887		0
	chrUn_AAEX03024450	0	8886		0
	chrUn_AAEX03024451	0	8885		0
	chrUn_AAEX03024452	0	8882		0
	chrUn_AAEX03024457	0	8836		0
	chrUn_AAEX03024460	0	8822		0
	chrUn_AAEX03024461	0	8816		0
	chrUn_AAEX03024462	0	8812		0
	chrUn_AAEX03024463	0	8808		0
	chrUn_AAEX03024464	0	8807		0
	chrUn_AAEX03024465	0	8805		0
	chrUn_AAEX03024466	0	8803		0
	chrUn_AAEX03024467	0	8797		0
	chrUn_AAEX03024468	0	8794		0
	chrUn_AAEX03024469	0	8794		0
	chrUn_AAEX03024470	0	8790		0
	chrUn_AAEX03024471	0	8785		0
	chrUn_AAEX03024472	0	8781		0
	chrUn_AAEX03024473	0	8778		0
	chrUn_AAEX03024474	0	8773		0
	chrUn_AAEX03024475	0	8773		0
	chrUn_AAEX03024476	0	8769		0
	chrUn_AAEX03024477	0	8763		0
	chrUn_AAEX03024478	0	8759		0
	chrUn_AAEX03024479	0	8754		0
	chrUn_AAEX03024480	0	8750		0
	chrUn_AAEX03024481	0	8746		0
	chrUn_AAEX03024482	0	8737		0
	chrUn_AAEX03024485	0	8724		0
	chrUn_AAEX03024486	0	8716		0
	chrUn_AAEX03024487	0	8713		0
	chrUn_AAEX03024488	0	8711		0
	chrUn_AAEX03024489	0	8707		0
	chrUn_AAEX03024490	0	8695		0
	chrUn_AAEX03024491	0	8695		0
	chrUn_AAEX03024492	0	8687		0
	chrUn_AAEX03024493	0	8682		0
	chrUn_AAEX03024494	0	8679		0
	chrUn_AAEX03024495	0	8677		0
	chrUn_AAEX03024496	0	8676		0
	chrUn_AAEX03024499	0	8671		0
	chrUn_AAEX03024500	0	8666		0
	chrUn_AAEX03024501	0	8663		0
	chrUn_AAEX03024502	0	8660		0
	chrUn_AAEX03024503	0	8657		0
	chrUn_AAEX03024504	0	8639		0
	chrUn_AAEX03024505	0	8638		0
	chrUn_AAEX03024506	0	8628		0
	chrUn_AAEX03024507	0	8627		0
	chrUn_AAEX03024508	0	8622		0
	chrUn_AAEX03024509	0	8616		0
	chrUn_AAEX03024510	0	8612		0
	chrUn_AAEX03024511	0	8611		0
	chrUn_AAEX03024512	0	8609		0
	chrUn_AAEX03024513	0	8606		0
	chrUn_AAEX03024514	0	8603		0
	chrUn_AAEX03024515	0	8592		0
	chrUn_AAEX03024516	0	8592		0
	chrUn_AAEX03024517	0	8592		0
	chrUn_AAEX03024518	0	8572		0
	chrUn_AAEX03024522	0	8567		0
	chrUn_AAEX03024523	0	8563		0
	chrUn_AAEX03024524	0	8557		0
	chrUn_AAEX03024525	0	8556		0
	chrUn_AAEX03024526	0	8554		0
	chrUn_AAEX03024527	0	8549		0
	chrUn_AAEX03024528	0	8545		0
	chrUn_AAEX03024529	0	8543		0
	chrUn_AAEX03024530	0	8536		0
	chrUn_AAEX03024531	0	8533		0
	chrUn_AAEX03024532	0	8531		0
	chrUn_AAEX03024533	0	8531		0
	chrUn_AAEX03024534	0	8522		0
	chrUn_AAEX03024535	0	8511		0
	chrUn_AAEX03024536	0	8505		0
	chrUn_AAEX03024537	0	8504		0
	chrUn_AAEX03024538	0	8503		0
	chrUn_AAEX03024539	0	8503		0
	chrUn_AAEX03024540	0	8489		0
	chrUn_AAEX03024541	0	8486		0
	chrUn_AAEX03024542	0	8474		0
	chrUn_AAEX03024543	0	8468		0
	chrUn_AAEX03024544	0	8467		0
	chrUn_AAEX03024545	0	8457		0
	chrUn_AAEX03024546	0	8448		0
	chrUn_AAEX03024547	0	8436		0
	chrUn_AAEX03024548	0	8432		0
	chrUn_AAEX03024549	0	8423		0
	chrUn_AAEX03024550	0	8422		0
	chrUn_AAEX03024553	0	8421		0
	chrUn_AAEX03024554	0	8419		0
	chrUn_AAEX03024555	0	8416		0
	chrUn_AAEX03024556	0	8415		0
	chrUn_AAEX03024557	0	8410		0
	chrUn_AAEX03024561	0	8409		0
	chrUn_AAEX03024562	0	8407		0
	chrUn_AAEX03024563	0	8396		0
	chrUn_AAEX03024564	0	8393		0
	chrUn_AAEX03024565	0	8391		0
	chrUn_AAEX03024569	0	8382		0
	chrUn_AAEX03024570	0	8381		0
	chrUn_AAEX03024571	0	8379		0
	chrUn_AAEX03024572	0	8359		0
	chrUn_AAEX03024573	0	8358		0
	chrUn_AAEX03024574	0	8358		0
	chrUn_AAEX03024575	0	8356		0
	chrUn_AAEX03024581	0	8350		0
	chrUn_AAEX03024585	0	8341		0
	chrUn_AAEX03024586	0	8340		0
	chrUn_AAEX03024587	0	8339		0
	chrUn_AAEX03024588	0	8339		0
	chrUn_AAEX03024589	0	8322		0
	chrUn_AAEX03024590	0	8320		0
	chrUn_AAEX03024591	0	8315		0
	chrUn_AAEX03024592	0	8308		0
	chrUn_AAEX03024593	0	8302		0
	chrUn_AAEX03024594	0	8301		0
	chrUn_AAEX03024598	0	8293		0
	chrUn_AAEX03024599	0	8291		0
	chrUn_AAEX03024600	0	8289		0
	chrUn_AAEX03024606	0	8286		0
	chrUn_AAEX03024607	0	8277		0
	chrUn_AAEX03024608	0	8276		0
	chrUn_AAEX03024609	0	8269		0
	chrUn_AAEX03024610	0	8263		0
	chrUn_AAEX03024611	0	8256		0
	chrUn_AAEX03024612	0	8250		0
	chrUn_AAEX03024615	0	8248		0
	chrUn_AAEX03024616	0	8248		0
	chrUn_AAEX03024617	0	8241		0
	chrUn_AAEX03024618	0	8238		0
	chrUn_AAEX03024619	0	8235		0
	chrUn_AAEX03024620	0	8230		0
	chrUn_AAEX03024621	0	8219		0
	chrUn_AAEX03024622	0	8218		0
	chrUn_AAEX03024625	0	8202		0
	chrUn_AAEX03024626	0	8201		0
	chrUn_AAEX03024631	0	8197		0
	chrUn_AAEX03024632	0	8197		0
	chrUn_AAEX03024633	0	8194		0
	chrUn_AAEX03024634	0	8193		0
	chrUn_AAEX03024638	0	8175		0
	chrUn_AAEX03024639	0	8174		0
	chrUn_AAEX03024643	0	8169		0
	chrUn_AAEX03024644	0	8166		0
	chrUn_AAEX03024645	0	8166		0
	chrUn_AAEX03024646	0	8164		0
	chrUn_AAEX03024647	0	8163		0
	chrUn_AAEX03024648	0	8159		0
	chrUn_AAEX03024649	0	8156		0
	chrUn_AAEX03024650	0	8154		0
	chrUn_AAEX03024651	0	8151		0
	chrUn_AAEX03024652	0	8147		0
	chrUn_AAEX03024653	0	8141		0
	chrUn_AAEX03024654	0	8141		0
	chrUn_AAEX03024655	0	8141		0
	chrUn_AAEX03024656	0	8131		0
	chrUn_AAEX03024657	0	8130		0
	chrUn_AAEX03024658	0	8120		0
	chrUn_AAEX03024659	0	8118		0
	chrUn_AAEX03024660	0	8115		0
	chrUn_AAEX03024661	0	8115		0
	chrUn_AAEX03024662	0	8104		0
	chrUn_AAEX03024663	0	8099		0
	chrUn_AAEX03024664	0	8098		0
	chrUn_AAEX03024665	0	8090		0
	chrUn_AAEX03024666	0	8085		0
	chrUn_AAEX03024667	0	8081		0
	chrUn_AAEX03024668	0	8073		0
	chrUn_AAEX03024669	0	8072		0
	chrUn_AAEX03024670	0	8070		0
	chrUn_AAEX03024671	0	8070		0
	chrUn_AAEX03024672	0	8069		0
	chrUn_AAEX03024673	0	8068		0
	chrUn_AAEX03024678	0	8058		0
	chrUn_AAEX03024681	0	8049		0
	chrUn_AAEX03024682	0	8046		0
	chrUn_AAEX03024683	0	8041		0
	chrUn_AAEX03024684	0	8038		0
	chrUn_AAEX03024685	0	8038		0
	chrUn_AAEX03024686	0	8037		0
	chrUn_AAEX03024687	0	8034		0
	chrUn_AAEX03024688	0	8030		0
	chrUn_AAEX03024689	0	8027		0
	chrUn_AAEX03024690	0	8025		0
	chrUn_AAEX03024691	0	8023		0
	chrUn_AAEX03024692	0	8021		0
	chrUn_AAEX03024693	0	8020		0
	chrUn_AAEX03024694	0	8017		0
	chrUn_AAEX03024695	0	8013		0
	chrUn_AAEX03024696	0	8011		0
	chrUn_AAEX03024697	0	8006		0
	chrUn_AAEX03024698	0	8003		0
	chrUn_AAEX03024699	0	7999		0
	chrUn_AAEX03024700	0	7992		0
	chrUn_AAEX03024701	0	7984		0
	chrUn_AAEX03024702	0	7975		0
	chrUn_AAEX03024706	0	7974		0
	chrUn_AAEX03024707	0	7972		0
	chrUn_AAEX03024708	0	7969		0
	chrUn_AAEX03024709	0	7964		0
	chrUn_AAEX03024710	0	7964		0
	chrUn_AAEX03024711	0	7962		0
	chrUn_AAEX03024712	0	7958		0
	chrUn_AAEX03024713	0	7951		0
	chrUn_AAEX03024714	0	7948		0
	chrUn_AAEX03024718	0	7942		0
	chrUn_AAEX03024719	0	7935		0
	chrUn_AAEX03024720	0	7928		0
	chrUn_AAEX03024725	0	7913		0
	chrUn_AAEX03024726	0	7910		0
	chrUn_AAEX03024727	0	7909		0
	chrUn_AAEX03024728	0	7905		0
	chrUn_AAEX03024729	0	7904		0
	chrUn_AAEX03024730	0	7896		0
	chrUn_AAEX03024731	0	7889		0
	chrUn_AAEX03024732	0	7885		0
	chrUn_AAEX03024733	0	7883		0
	chrUn_AAEX03024734	0	7879		0
	chrUn_AAEX03024735	0	7873		0
	chrUn_AAEX03024736	0	7869		0
	chrUn_AAEX03024737	0	7867		0
	chrUn_AAEX03024738	0	7862		0
	chrUn_AAEX03024739	0	7861		0
	chrUn_AAEX03024740	0	7858		0
	chrUn_AAEX03024741	0	7857		0
	chrUn_AAEX03024742	0	7852		0
	chrUn_AAEX03024743	0	7848		0
	chrUn_AAEX03024744	0	7846		0
	chrUn_AAEX03024745	0	7844		0
	chrUn_AAEX03024746	0	7840		0
	chrUn_AAEX03024747	0	7840		0
	chrUn_AAEX03024750	0	7828		0
	chrUn_AAEX03024751	0	7827		0
	chrUn_AAEX03024752	0	7826		0
	chrUn_AAEX03024753	0	7822		0
	chrUn_AAEX03024754	0	7821		0
	chrUn_AAEX03024755	0	7820		0
	chrUn_AAEX03024756	0	7819		0
	chrUn_AAEX03024757	0	7816		0
	chrUn_AAEX03024758	0	7813		0
	chrUn_AAEX03024759	0	7809		0
	chrUn_AAEX03024760	0	7806		0
	chrUn_AAEX03024761	0	7803		0
	chrUn_AAEX03024762	0	7802		0
	chrUn_AAEX03024763	0	7799		0
	chrUn_AAEX03024764	0	7794		0
	chrUn_AAEX03024765	0	7792		0
	chrUn_AAEX03024766	0	7791		0
	chrUn_AAEX03024767	0	7786		0
	chrUn_AAEX03024768	0	7783		0
	chrUn_AAEX03024769	0	7781		0
	chrUn_AAEX03024770	0	7769		0
	chrUn_AAEX03024771	0	7767		0
	chrUn_AAEX03024772	0	7767		0
	chrUn_AAEX03024773	0	7764		0
	chrUn_AAEX03024774	0	7758		0
	chrUn_AAEX03024775	0	7756		0
	chrUn_AAEX03024776	0	7755		0
	chrUn_AAEX03024777	0	7749		0
	chrUn_AAEX03024778	0	7749		0
	chrUn_AAEX03024779	0	7742		0
	chrUn_AAEX03024780	0	7739		0
	chrUn_AAEX03024781	0	7737		0
	chrUn_AAEX03024782	0	7737		0
	chrUn_AAEX03024783	0	7735		0
	chrUn_AAEX03024784	0	7731		0
	chrUn_AAEX03024785	0	7729		0
	chrUn_AAEX03024786	0	7729		0
	chrUn_AAEX03024787	0	7729		0
	chrUn_AAEX03024788	0	7725		0
	chrUn_AAEX03024789	0	7723		0
	chrUn_AAEX03024790	0	7718		0
	chrUn_AAEX03024791	0	7718		0
	chrUn_AAEX03024792	0	7715		0
	chrUn_AAEX03024793	0	7715		0
	chrUn_AAEX03024794	0	7710		0
	chrUn_AAEX03024795	0	7707		0
	chrUn_AAEX03024796	0	7706		0
	chrUn_AAEX03024797	0	7703		0
	chrUn_AAEX03024798	0	7699		0
	chrUn_AAEX03024799	0	7695		0
	chrUn_AAEX03024800	0	7692		0
	chrUn_AAEX03024801	0	7687		0
	chrUn_AAEX03024802	0	7687		0
	chrUn_AAEX03024803	0	7684		0
	chrUn_AAEX03024804	0	7680		0
	chrUn_AAEX03024805	0	7676		0
	chrUn_AAEX03024806	0	7672		0
	chrUn_AAEX03024807	0	7656		0
	chrUn_AAEX03024808	0	7651		0
	chrUn_AAEX03024809	0	7649		0
	chrUn_AAEX03024810	0	7648		0
	chrUn_AAEX03024811	0	7646		0
	chrUn_AAEX03024812	0	7643		0
	chrUn_AAEX03024813	0	7641		0
	chrUn_AAEX03024814	0	7641		0
	chrUn_AAEX03024815	0	7639		0
	chrUn_AAEX03024816	0	7638		0
	chrUn_AAEX03024817	0	7637		0
	chrUn_AAEX03024818	0	7634		0
	chrUn_AAEX03024819	0	7630		0
	chrUn_AAEX03024820	0	7629		0
	chrUn_AAEX03024821	0	7628		0
	chrUn_AAEX03024824	0	7618		0
	chrUn_AAEX03024825	0	7615		0
	chrUn_AAEX03024826	0	7615		0
	chrUn_AAEX03024827	0	7609		0
	chrUn_AAEX03024828	0	7607		0
	chrUn_AAEX03024829	0	7603		0
	chrUn_AAEX03024830	0	7601		0
	chrUn_AAEX03024831	0	7599		0
	chrUn_AAEX03024832	0	7594		0
	chrUn_AAEX03024836	0	7587		0
	chrUn_AAEX03024837	0	7584		0
	chrUn_AAEX03024838	0	7575		0
	chrUn_AAEX03024839	0	7565		0
	chrUn_AAEX03024840	0	7563		0
	chrUn_AAEX03024841	0	7560		0
	chrUn_AAEX03024842	0	7560		0
	chrUn_AAEX03024843	0	7559		0
	chrUn_AAEX03024844	0	7556		0
	chrUn_AAEX03024845	0	7555		0
	chrUn_AAEX03024846	0	7539		0
	chrUn_AAEX03024847	0	7533		0
	chrUn_AAEX03024850	0	7531		0
	chrUn_AAEX03024851	0	7528		0
	chrUn_AAEX03024852	0	7523		0
	chrUn_AAEX03024853	0	7521		0
	chrUn_AAEX03024854	0	7518		0
	chrUn_AAEX03024860	0	7507		0
	chrUn_AAEX03024861	0	7504		0
	chrUn_AAEX03024862	0	7503		0
	chrUn_AAEX03024863	0	7502		0
	chrUn_AAEX03024864	0	7502		0
	chrUn_AAEX03024865	0	7498		0
	chrUn_AAEX03024866	0	7496		0
	chrUn_AAEX03024867	0	7495		0
	chrUn_AAEX03024868	0	7487		0
	chrUn_AAEX03024869	0	7483		0
	chrUn_AAEX03024870	0	7482		0
	chrUn_AAEX03024871	0	7466		0
	chrUn_AAEX03024872	0	7465		0
	chrUn_AAEX03024873	0	7463		0
	chrUn_AAEX03024874	0	7460		0
	chrUn_AAEX03024875	0	7456		0
	chrUn_AAEX03024876	0	7455		0
	chrUn_AAEX03024877	0	7454		0
	chrUn_AAEX03024878	0	7451		0
	chrUn_AAEX03024879	0	7450		0
	chrUn_AAEX03024884	0	7441		0
	chrUn_AAEX03024885	0	7441		0
	chrUn_AAEX03024886	0	7436		0
	chrUn_AAEX03024887	0	7434		0
	chrUn_AAEX03024888	0	7429		0
	chrUn_AAEX03024889	0	7428		0
	chrUn_AAEX03024890	0	7427		0
	chrUn_AAEX03024891	0	7424		0
	chrUn_AAEX03024892	0	7422		0
	chrUn_AAEX03024893	0	7420		0
	chrUn_AAEX03024894	0	7405		0
	chrUn_AAEX03024895	0	7404		0
	chrUn_AAEX03024896	0	7401		0
	chrUn_AAEX03024897	0	7398		0
	chrUn_AAEX03024898	0	7398		0
	chrUn_AAEX03024899	0	7396		0
	chrUn_AAEX03024900	0	7395		0
	chrUn_AAEX03024901	0	7390		0
	chrUn_AAEX03024902	0	7388		0
	chrUn_AAEX03024903	0	7387		0
	chrUn_AAEX03024904	0	7383		0
	chrUn_AAEX03024905	0	7376		0
	chrUn_AAEX03024906	0	7375		0
	chrUn_AAEX03024907	0	7361		0
	chrUn_AAEX03024908	0	7360		0
	chrUn_AAEX03024909	0	7358		0
	chrUn_AAEX03024910	0	7353		0
	chrUn_AAEX03024911	0	7345		0
	chrUn_AAEX03024912	0	7339		0
	chrUn_AAEX03024913	0	7339		0
	chrUn_AAEX03024917	0	7330		0
	chrUn_AAEX03024918	0	7330		0
	chrUn_AAEX03024919	0	7328		0
	chrUn_AAEX03024920	0	7321		0
	chrUn_AAEX03024921	0	7320		0
	chrUn_AAEX03024922	0	7319		0
	chrUn_AAEX03024923	0	7316		0
	chrUn_AAEX03024924	0	7315		0
	chrUn_AAEX03024925	0	7303		0
	chrUn_AAEX03024926	0	7301		0
	chrUn_AAEX03024927	0	7300		0
	chrUn_AAEX03024928	0	7297		0
	chrUn_AAEX03024929	0	7297		0
	chrUn_AAEX03024930	0	7288		0
	chrUn_AAEX03024934	0	7282		0
	chrUn_AAEX03024935	0	7281		0
	chrUn_AAEX03024936	0	7280		0
	chrUn_AAEX03024937	0	7279		0
	chrUn_AAEX03024938	0	7279		0
	chrUn_AAEX03024939	0	7272		0
	chrUn_AAEX03024940	0	7268		0
	chrUn_AAEX03024941	0	7267		0
	chrUn_AAEX03024942	0	7265		0
	chrUn_AAEX03024943	0	7265		0
	chrUn_AAEX03024944	0	7259		0
	chrUn_AAEX03024945	0	7254		0
	chrUn_AAEX03024946	0	7253		0
	chrUn_AAEX03024947	0	7253		0
	chrUn_AAEX03024948	0	7251		0
	chrUn_AAEX03024949	0	7250		0
	chrUn_AAEX03024950	0	7242		0
	chrUn_AAEX03024951	0	7234		0
	chrUn_AAEX03024952	0	7233		0
	chrUn_AAEX03024953	0	7229		0
	chrUn_AAEX03024954	0	7229		0
	chrUn_AAEX03024955	0	7227		0
	chrUn_AAEX03024956	0	7224		0
	chrUn_AAEX03024957	0	7222		0
	chrUn_AAEX03024958	0	7221		0
	chrUn_AAEX03024959	0	7219		0
	chrUn_AAEX03024960	0	7218		0
	chrUn_AAEX03024961	0	7214		0
	chrUn_AAEX03024962	0	7210		0
	chrUn_AAEX03024963	0	7210		0
	chrUn_AAEX03024964	0	7207		0
	chrUn_AAEX03024965	0	7206		0
	chrUn_AAEX03024968	0	7205		0
	chrUn_AAEX03024969	0	7202		0
	chrUn_AAEX03024970	0	7202		0
	chrUn_AAEX03024971	0	7201		0
	chrUn_AAEX03024972	0	7198		0
	chrUn_AAEX03024973	0	7197		0
	chrUn_AAEX03024974	0	7196		0
	chrUn_AAEX03024975	0	7190		0
	chrUn_AAEX03024976	0	7180		0
	chrUn_AAEX03024977	0	7172		0
	chrUn_AAEX03024978	0	7166		0
	chrUn_AAEX03024979	0	7166		0
	chrUn_AAEX03024980	0	7164		0
	chrUn_AAEX03024981	0	7162		0
	chrUn_AAEX03024982	0	7157		0
	chrUn_AAEX03024983	0	7151		0
	chrUn_AAEX03024986	0	7150		0
	chrUn_AAEX03024987	0	7149		0
	chrUn_AAEX03024988	0	7145		0
	chrUn_AAEX03024989	0	7144		0
	chrUn_AAEX03024990	0	7142		0
	chrUn_AAEX03024991	0	7136		0
	chrUn_AAEX03024994	0	7126		0
	chrUn_AAEX03024995	0	7118		0
	chrUn_AAEX03024996	0	7114		0
	chrUn_AAEX03024997	0	7114		0
	chrUn_AAEX03024998	0	7109		0
	chrUn_AAEX03024999	0	7108		0
	chrUn_AAEX03025000	0	7105		0
	chrUn_AAEX03025001	0	7104		0
	chrUn_AAEX03025002	0	7101		0
	chrUn_AAEX03025003	0	7100		0
	chrUn_AAEX03025004	0	7099		0
	chrUn_AAEX03025005	0	7099		0
	chrUn_AAEX03025006	0	7096		0
	chrUn_AAEX03025007	0	7092		0
	chrUn_AAEX03025012	0	7070		0
	chrUn_AAEX03025013	0	7066		0
	chrUn_AAEX03025016	0	7063		0
	chrUn_AAEX03025017	0	7061		0
	chrUn_AAEX03025018	0	7058		0
	chrUn_AAEX03025019	0	7057		0
	chrUn_AAEX03025020	0	7054		0
	chrUn_AAEX03025021	0	7051		0
	chrUn_AAEX03025022	0	7043		0
	chrUn_AAEX03025023	0	7043		0
	chrUn_AAEX03025024	0	7042		0
	chrUn_AAEX03025025	0	7041		0
	chrUn_AAEX03025026	0	7039		0
	chrUn_AAEX03025027	0	7029		0
	chrUn_AAEX03025028	0	7026		0
	chrUn_AAEX03025029	0	7026		0
	chrUn_AAEX03025030	0	7020		0
	chrUn_AAEX03025031	0	7017		0
	chrUn_AAEX03025032	0	7012		0
	chrUn_AAEX03025033	0	7007		0
	chrUn_AAEX03025034	0	7006		0
	chrUn_AAEX03025035	0	7003		0
	chrUn_AAEX03025036	0	7003		0
	chrUn_AAEX03025037	0	7003		0
	chrUn_AAEX03025038	0	7000		0
	chrUn_AAEX03025039	0	6997		0
	chrUn_AAEX03025040	0	6990		0
	chrUn_AAEX03025041	0	6989		0
	chrUn_AAEX03025046	0	6980		0
	chrUn_AAEX03025047	0	6978		0
	chrUn_AAEX03025048	0	6977		0
	chrUn_AAEX03025049	0	6973		0
	chrUn_AAEX03025050	0	6972		0
	chrUn_AAEX03025053	0	6964		0
	chrUn_AAEX03025054	0	6960		0
	chrUn_AAEX03025055	0	6956		0
	chrUn_AAEX03025056	0	6953		0
	chrUn_AAEX03025057	0	6952		0
	chrUn_AAEX03025058	0	6945		0
	chrUn_AAEX03025059	0	6945		0
	chrUn_AAEX03025060	0	6945		0
	chrUn_AAEX03025061	0	6942		0
	chrUn_AAEX03025062	0	6940		0
	chrUn_AAEX03025063	0	6935		0
	chrUn_AAEX03025064	0	6934		0
	chrUn_AAEX03025065	0	6934		0
	chrUn_AAEX03025066	0	6926		0
	chrUn_AAEX03025067	0	6924		0
	chrUn_AAEX03025074	0	6915		0
	chrUn_AAEX03025075	0	6914		0
	chrUn_AAEX03025076	0	6913		0
	chrUn_AAEX03025077	0	6910		0
	chrUn_AAEX03025078	0	6910		0
	chrUn_AAEX03025079	0	6906		0
	chrUn_AAEX03025080	0	6906		0
	chrUn_AAEX03025081	0	6904		0
	chrUn_AAEX03025082	0	6903		0
	chrUn_AAEX03025083	0	6903		0
	chrUn_AAEX03025084	0	6903		0
	chrUn_AAEX03025085	0	6899		0
	chrUn_AAEX03025086	0	6895		0
	chrUn_AAEX03025087	0	6893		0
	chrUn_AAEX03025088	0	6892		0
	chrUn_AAEX03025089	0	6885		0
	chrUn_AAEX03025090	0	6883		0
	chrUn_AAEX03025091	0	6881		0
	chrUn_AAEX03025092	0	6879		0
	chrUn_AAEX03025093	0	6878		0
	chrUn_AAEX03025094	0	6873		0
	chrUn_AAEX03025095	0	6870		0
	chrUn_AAEX03025096	0	6867		0
	chrUn_AAEX03025097	0	6862		0
	chrUn_AAEX03025098	0	6858		0
	chrUn_AAEX03025101	0	6855		0
	chrUn_AAEX03025102	0	6854		0
	chrUn_AAEX03025103	0	6852		0
	chrUn_AAEX03025104	0	6851		0
	chrUn_AAEX03025105	0	6849		0
	chrUn_AAEX03025106	0	6847		0
	chrUn_AAEX03025107	0	6844		0
	chrUn_AAEX03025108	0	6841		0
	chrUn_AAEX03025109	0	6839		0
	chrUn_AAEX03025110	0	6838		0
	chrUn_AAEX03025114	0	6837		0
	chrUn_AAEX03025115	0	6836		0
	chrUn_AAEX03025116	0	6834		0
	chrUn_AAEX03025117	0	6833		0
	chrUn_AAEX03025118	0	6823		0
	chrUn_AAEX03025119	0	6820		0
	chrUn_AAEX03025120	0	6819		0
	chrUn_AAEX03025121	0	6814		0
	chrUn_AAEX03025122	0	6813		0
	chrUn_AAEX03025123	0	6812		0
	chrUn_AAEX03025124	0	6812		0
	chrUn_AAEX03025125	0	6812		0
	chrUn_AAEX03025126	0	6810		0
	chrUn_AAEX03025127	0	6805		0
	chrUn_AAEX03025128	0	6804		0
	chrUn_AAEX03025129	0	6802		0
	chrUn_AAEX03025130	0	6800		0
	chrUn_AAEX03025131	0	6799		0
	chrUn_AAEX03025132	0	6793		0
	chrUn_AAEX03025133	0	6793		0
	chrUn_AAEX03025134	0	6789		0
	chrUn_AAEX03025135	0	6784		0
	chrUn_AAEX03025136	0	6784		0
	chrUn_AAEX03025137	0	6778		0
	chrUn_AAEX03025138	0	6776		0
	chrUn_AAEX03025139	0	6776		0
	chrUn_AAEX03025140	0	6767		0
	chrUn_AAEX03025141	0	6759		0
	chrUn_AAEX03025142	0	6755		0
	chrUn_AAEX03025143	0	6753		0
	chrUn_AAEX03025144	0	6748		0
	chrUn_AAEX03025145	0	6747		0
	chrUn_AAEX03025146	0	6743		0
	chrUn_AAEX03025147	0	6732		0
	chrUn_AAEX03025148	0	6732		0
	chrUn_AAEX03025149	0	6732		0
	chrUn_AAEX03025150	0	6731		0
	chrUn_AAEX03025151	0	6731		0
	chrUn_AAEX03025154	0	6716		0
	chrUn_AAEX03025155	0	6714		0
	chrUn_AAEX03025156	0	6712		0
	chrUn_AAEX03025157	0	6712		0
	chrUn_AAEX03025158	0	6698		0
	chrUn_AAEX03025159	0	6696		0
	chrUn_AAEX03025160	0	6696		0
	chrUn_AAEX03025161	0	6694		0
	chrUn_AAEX03025162	0	6694		0
	chrUn_AAEX03025163	0	6689		0
	chrUn_AAEX03025164	0	6688		0
	chrUn_AAEX03025165	0	6686		0
	chrUn_AAEX03025166	0	6682		0
	chrUn_AAEX03025167	0	6681		0
	chrUn_AAEX03025168	0	6675		0
	chrUn_AAEX03025169	0	6671		0
	chrUn_AAEX03025170	0	6671		0
	chrUn_AAEX03025171	0	6668		0
	chrUn_AAEX03025172	0	6667		0
	chrUn_AAEX03025173	0	6667		0
	chrUn_AAEX03025174	0	6664		0
	chrUn_AAEX03025175	0	6662		0
	chrUn_AAEX03025176	0	6655		0
	chrUn_AAEX03025177	0	6654		0
	chrUn_AAEX03025178	0	6648		0
	chrUn_AAEX03025179	0	6642		0
	chrUn_AAEX03025180	0	6640		0
	chrUn_AAEX03025181	0	6639		0
	chrUn_AAEX03025186	0	6624		0
	chrUn_AAEX03025187	0	6622		0
	chrUn_AAEX03025188	0	6620		0
	chrUn_AAEX03025189	0	6611		0
	chrUn_AAEX03025190	0	6610		0
	chrUn_AAEX03025191	0	6609		0
	chrUn_AAEX03025192	0	6609		0
	chrUn_AAEX03025193	0	6607		0
	chrUn_AAEX03025194	0	6603		0
	chrUn_AAEX03025195	0	6601		0
	chrUn_AAEX03025196	0	6592		0
	chrUn_AAEX03025197	0	6590		0
	chrUn_AAEX03025198	0	6588		0
	chrUn_AAEX03025199	0	6587		0
	chrUn_AAEX03025202	0	6584		0
	chrUn_AAEX03025203	0	6581		0
	chrUn_AAEX03025204	0	6580		0
	chrUn_AAEX03025205	0	6578		0
	chrUn_AAEX03025206	0	6576		0
	chrUn_AAEX03025207	0	6576		0
	chrUn_AAEX03025208	0	6575		0
	chrUn_AAEX03025209	0	6568		0
	chrUn_AAEX03025210	0	6567		0
	chrUn_AAEX03025211	0	6565		0
	chrUn_AAEX03025214	0	6550		0
	chrUn_AAEX03025215	0	6548		0
	chrUn_AAEX03025216	0	6539		0
	chrUn_AAEX03025217	0	6535		0
	chrUn_AAEX03025220	0	6534		0
	chrUn_AAEX03025221	0	6533		0
	chrUn_AAEX03025222	0	6533		0
	chrUn_AAEX03025223	0	6529		0
	chrUn_AAEX03025224	0	6527		0
	chrUn_AAEX03025225	0	6527		0
	chrUn_AAEX03025226	0	6524		0
	chrUn_AAEX03025227	0	6522		0
	chrUn_AAEX03025228	0	6518		0
	chrUn_AAEX03025231	0	6506		0
	chrUn_AAEX03025232	0	6505		0
	chrUn_AAEX03025233	0	6504		0
	chrUn_AAEX03025234	0	6504		0
	chrUn_AAEX03025235	0	6496		0
	chrUn_AAEX03025236	0	6495		0
	chrUn_AAEX03025237	0	6490		0
	chrUn_AAEX03025238	0	6489		0
	chrUn_AAEX03025239	0	6488		0
	chrUn_AAEX03025240	0	6481		0
	chrUn_AAEX03025241	0	6474		0
	chrUn_AAEX03025242	0	6473		0
	chrUn_AAEX03025243	0	6471		0
	chrUn_AAEX03025246	0	6459		0
	chrUn_AAEX03025247	0	6454		0
	chrUn_AAEX03025248	0	6453		0
	chrUn_AAEX03025249	0	6452		0
	chrUn_AAEX03025250	0	6441		0
	chrUn_AAEX03025251	0	6440		0
	chrUn_AAEX03025252	0	6439		0
	chrUn_AAEX03025253	0	6438		0
	chrUn_AAEX03025254	0	6435		0
	chrUn_AAEX03025255	0	6434		0
	chrUn_AAEX03025256	0	6427		0
	chrUn_AAEX03025257	0	6426		0
	chrUn_AAEX03025258	0	6426		0
	chrUn_AAEX03025259	0	6424		0
	chrUn_AAEX03025260	0	6422		0
	chrUn_AAEX03025261	0	6420		0
	chrUn_AAEX03025262	0	6418		0
	chrUn_AAEX03025263	0	6417		0
	chrUn_AAEX03025264	0	6417		0
	chrUn_AAEX03025265	0	6417		0
	chrUn_AAEX03025266	0	6411		0
	chrUn_AAEX03025267	0	6405		0
	chrUn_AAEX03025268	0	6401		0
	chrUn_AAEX03025269	0	6399		0
	chrUn_AAEX03025270	0	6398		0
	chrUn_AAEX03025271	0	6392		0
	chrUn_AAEX03025272	0	6391		0
	chrUn_AAEX03025273	0	6390		0
	chrUn_AAEX03025274	0	6389		0
	chrUn_AAEX03025275	0	6382		0
	chrUn_AAEX03025276	0	6380		0
	chrUn_AAEX03025277	0	6378		0
	chrUn_AAEX03025278	0	6377		0
	chrUn_AAEX03025279	0	6367		0
	chrUn_AAEX03025280	0	6354		0
	chrUn_AAEX03025281	0	6353		0
	chrUn_AAEX03025282	0	6350		0
	chrUn_AAEX03025283	0	6348		0
	chrUn_AAEX03025284	0	6345		0
	chrUn_AAEX03025285	0	6345		0
	chrUn_AAEX03025286	0	6344		0
	chrUn_AAEX03025287	0	6342		0
	chrUn_AAEX03025288	0	6340		0
	chrUn_AAEX03025289	0	6338		0
	chrUn_AAEX03025290	0	6335		0
	chrUn_AAEX03025291	0	6334		0
	chrUn_AAEX03025292	0	6332		0
	chrUn_AAEX03025293	0	6332		0
	chrUn_AAEX03025294	0	6330		0
	chrUn_AAEX03025295	0	6321		0
	chrUn_AAEX03025296	0	6318		0
	chrUn_AAEX03025299	0	6316		0
	chrUn_AAEX03025300	0	6315		0
	chrUn_AAEX03025301	0	6313		0
	chrUn_AAEX03025302	0	6313		0
	chrUn_AAEX03025303	0	6309		0
	chrUn_AAEX03025304	0	6305		0
	chrUn_AAEX03025305	0	6303		0
	chrUn_AAEX03025306	0	6302		0
	chrUn_AAEX03025307	0	6300		0
	chrUn_AAEX03025308	0	6298		0
	chrUn_AAEX03025309	0	6295		0
	chrUn_AAEX03025310	0	6293		0
	chrUn_AAEX03025311	0	6286		0
	chrUn_AAEX03025312	0	6285		0
	chrUn_AAEX03025313	0	6284		0
	chrUn_AAEX03025314	0	6284		0
	chrUn_AAEX03025315	0	6284		0
	chrUn_AAEX03025316	0	6279		0
	chrUn_AAEX03025317	0	6279		0
	chrUn_AAEX03025318	0	6277		0
	chrUn_AAEX03025319	0	6275		0
	chrUn_AAEX03025320	0	6270		0
	chrUn_AAEX03025321	0	6269		0
	chrUn_AAEX03025322	0	6267		0
	chrUn_AAEX03025323	0	6266		0
	chrUn_AAEX03025324	0	6266		0
	chrUn_AAEX03025325	0	6264		0
	chrUn_AAEX03025326	0	6263		0
	chrUn_AAEX03025327	0	6261		0
	chrUn_AAEX03025328	0	6256		0
	chrUn_AAEX03025329	0	6256		0
	chrUn_AAEX03025330	0	6255		0
	chrUn_AAEX03025331	0	6255		0
	chrUn_AAEX03025332	0	6253		0
	chrUn_AAEX03025333	0	6249		0
	chrUn_AAEX03025334	0	6247		0
	chrUn_AAEX03025335	0	6246		0
	chrUn_AAEX03025336	0	6243		0
	chrUn_AAEX03025337	0	6241		0
	chrUn_AAEX03025338	0	6238		0
	chrUn_AAEX03025339	0	6235		0
	chrUn_AAEX03025340	0	6233		0
	chrUn_AAEX03025341	0	6230		0
	chrUn_AAEX03025342	0	6230		0
	chrUn_AAEX03025343	0	6229		0
	chrUn_AAEX03025344	0	6228		0
	chrUn_AAEX03025345	0	6226		0
	chrUn_AAEX03025346	0	6224		0
	chrUn_AAEX03025347	0	6223		0
	chrUn_AAEX03025348	0	6222		0
	chrUn_AAEX03025349	0	6222		0
	chrUn_AAEX03025350	0	6220		0
	chrUn_AAEX03025351	0	6220		0
	chrUn_AAEX03025352	0	6218		0
	chrUn_AAEX03025353	0	6210		0
	chrUn_AAEX03025354	0	6208		0
	chrUn_AAEX03025355	0	6208		0
	chrUn_AAEX03025356	0	6207		0
	chrUn_AAEX03025357	0	6201		0
	chrUn_AAEX03025358	0	6195		0
	chrUn_AAEX03025359	0	6194		0
	chrUn_AAEX03025360	0	6192		0
	chrUn_AAEX03025361	0	6189		0
	chrUn_AAEX03025362	0	6185		0
	chrUn_AAEX03025363	0	6185		0
	chrUn_AAEX03025364	0	6184		0
	chrUn_AAEX03025365	0	6184		0
	chrUn_AAEX03025366	0	6181		0
	chrUn_AAEX03025369	0	6179		0
	chrUn_AAEX03025370	0	6177		0
	chrUn_AAEX03025371	0	6177		0
	chrUn_AAEX03025372	0	6173		0
	chrUn_AAEX03025373	0	6173		0
	chrUn_AAEX03025376	0	6169		0
	chrUn_AAEX03025377	0	6163		0
	chrUn_AAEX03025378	0	6160		0
	chrUn_AAEX03025379	0	6159		0
	chrUn_AAEX03025380	0	6153		0
	chrUn_AAEX03025381	0	6150		0
	chrUn_AAEX03025382	0	6150		0
	chrUn_AAEX03025383	0	6146		0
	chrUn_AAEX03025384	0	6145		0
	chrUn_AAEX03025385	0	6145		0
	chrUn_AAEX03025386	0	6145		0
	chrUn_AAEX03025387	0	6144		0
	chrUn_AAEX03025388	0	6142		0
	chrUn_AAEX03025389	0	6141		0
	chrUn_AAEX03025390	0	6138		0
	chrUn_AAEX03025394	0	6133		0
	chrUn_AAEX03025395	0	6131		0
	chrUn_AAEX03025396	0	6131		0
	chrUn_AAEX03025397	0	6130		0
	chrUn_AAEX03025398	0	6130		0
	chrUn_AAEX03025399	0	6126		0
	chrUn_AAEX03025400	0	6125		0
	chrUn_AAEX03025401	0	6120		0
	chrUn_AAEX03025402	0	6119		0
	chrUn_AAEX03025403	0	6117		0
	chrUn_AAEX03025404	0	6117		0
	chrUn_AAEX03025407	0	6098		0
	chrUn_AAEX03025408	0	6096		0
	chrUn_AAEX03025409	0	6096		0
	chrUn_AAEX03025410	0	6085		0
	chrUn_AAEX03025411	0	6084		0
	chrUn_AAEX03025412	0	6079		0
	chrUn_AAEX03025413	0	6063		0
	chrUn_AAEX03025414	0	6063		0
	chrUn_AAEX03025415	0	6061		0
	chrUn_AAEX03025416	0	6057		0
	chrUn_AAEX03025417	0	6054		0
	chrUn_AAEX03025418	0	6053		0
	chrUn_AAEX03025419	0	6050		0
	chrUn_AAEX03025420	0	6047		0
	chrUn_AAEX03025421	0	6046		0
	chrUn_AAEX03025422	0	6045		0
	chrUn_AAEX03025423	0	6045		0
	chrUn_AAEX03025424	0	6043		0
	chrUn_AAEX03025425	0	6040		0
	chrUn_AAEX03025426	0	6038		0
	chrUn_AAEX03025427	0	6037		0
	chrUn_AAEX03025428	0	6035		0
	chrUn_AAEX03025429	0	6035		0
	chrUn_AAEX03025430	0	6035		0
	chrUn_AAEX03025431	0	6027		0
	chrUn_AAEX03025432	0	6023		0
	chrUn_AAEX03025433	0	6019		0
	chrUn_AAEX03025434	0	6012		0
	chrUn_AAEX03025435	0	6011		0
	chrUn_AAEX03025436	0	6007		0
	chrUn_AAEX03025437	0	6006		0
	chrUn_AAEX03025438	0	6005		0
	chrUn_AAEX03025439	0	6002		0
	chrUn_AAEX03025440	0	6000		0
	chrUn_AAEX03025441	0	6000		0
	chrUn_AAEX03025442	0	5991		0
	chrUn_AAEX03025443	0	5990		0
	chrUn_AAEX03025444	0	5990		0
	chrUn_AAEX03025445	0	5984		0
	chrUn_AAEX03025446	0	5983		0
	chrUn_AAEX03025447	0	5982		0
	chrUn_AAEX03025448	0	5982		0
	chrUn_AAEX03025449	0	5974		0
	chrUn_AAEX03025450	0	5973		0
	chrUn_AAEX03025451	0	5964		0
	chrUn_AAEX03025452	0	5960		0
	chrUn_AAEX03025453	0	5957		0
	chrUn_AAEX03025454	0	5952		0
	chrUn_AAEX03025455	0	5950		0
	chrUn_AAEX03025456	0	5949		0
	chrUn_AAEX03025457	0	5947		0
	chrUn_AAEX03025458	0	5944		0
	chrUn_AAEX03025459	0	5943		0
	chrUn_AAEX03025460	0	5941		0
	chrUn_AAEX03025461	0	5937		0
	chrUn_AAEX03025462	0	5937		0
	chrUn_AAEX03025463	0	5926		0
	chrUn_AAEX03025464	0	5924		0
	chrUn_AAEX03025465	0	5921		0
	chrUn_AAEX03025466	0	5917		0
	chrUn_AAEX03025467	0	5916		0
	chrUn_AAEX03025468	0	5915		0
	chrUn_AAEX03025469	0	5910		0
	chrUn_AAEX03025470	0	5907		0
	chrUn_AAEX03025471	0	5896		0
	chrUn_AAEX03025472	0	5895		0
	chrUn_AAEX03025473	0	5894		0
	chrUn_AAEX03025474	0	5888		0
	chrUn_AAEX03025475	0	5887		0
	chrUn_AAEX03025476	0	5885		0
	chrUn_AAEX03025477	0	5883		0
	chrUn_AAEX03025478	0	5880		0
	chrUn_AAEX03025479	0	5878		0
	chrUn_AAEX03025480	0	5875		0
	chrUn_AAEX03025481	0	5874		0
	chrUn_AAEX03025482	0	5867		0
	chrUn_AAEX03025483	0	5861		0
	chrUn_AAEX03025484	0	5857		0
	chrUn_AAEX03025485	0	5856		0
	chrUn_AAEX03025486	0	5856		0
	chrUn_AAEX03025487	0	5854		0
	chrUn_AAEX03025488	0	5853		0
	chrUn_AAEX03025489	0	5852		0
	chrUn_AAEX03025490	0	5852		0
	chrUn_AAEX03025491	0	5842		0
	chrUn_AAEX03025492	0	5841		0
	chrUn_AAEX03025493	0	5840		0
	chrUn_AAEX03025494	0	5833		0
	chrUn_AAEX03025495	0	5818		0
	chrUn_AAEX03025496	0	5817		0
	chrUn_AAEX03025497	0	5817		0
	chrUn_AAEX03025498	0	5815		0
	chrUn_AAEX03025499	0	5814		0
	chrUn_AAEX03025500	0	5813		0
	chrUn_AAEX03025501	0	5809		0
	chrUn_AAEX03025502	0	5808		0
	chrUn_AAEX03025505	0	5806		0
	chrUn_AAEX03025506	0	5804		0
	chrUn_AAEX03025507	0	5804		0
	chrUn_AAEX03025508	0	5804		0
	chrUn_AAEX03025509	0	5797		0
	chrUn_AAEX03025510	0	5796		0
	chrUn_AAEX03025511	0	5793		0
	chrUn_AAEX03025512	0	5783		0
	chrUn_AAEX03025513	0	5779		0
	chrUn_AAEX03025514	0	5779		0
	chrUn_AAEX03025515	0	5779		0
	chrUn_AAEX03025516	0	5775		0
	chrUn_AAEX03025517	0	5773		0
	chrUn_AAEX03025518	0	5768		0
	chrUn_AAEX03025521	0	5753		0
	chrUn_AAEX03025522	0	5750		0
	chrUn_AAEX03025523	0	5748		0
	chrUn_AAEX03025524	0	5747		0
	chrUn_AAEX03025525	0	5735		0
	chrUn_AAEX03025526	0	5733		0
	chrUn_AAEX03025527	0	5731		0
	chrUn_AAEX03025528	0	5723		0
	chrUn_AAEX03025529	0	5721		0
	chrUn_AAEX03025530	0	5716		0
	chrUn_AAEX03025531	0	5712		0
	chrUn_AAEX03025532	0	5711		0
	chrUn_AAEX03025536	0	5710		0
	chrUn_AAEX03025537	0	5705		0
	chrUn_AAEX03025538	0	5703		0
	chrUn_AAEX03025539	0	5699		0
	chrUn_AAEX03025540	0	5695		0
	chrUn_AAEX03025541	0	5694		0
	chrUn_AAEX03025542	0	5693		0
	chrUn_AAEX03025543	0	5688		0
	chrUn_AAEX03025544	0	5685		0
	chrUn_AAEX03025547	0	5684		0
	chrUn_AAEX03025548	0	5681		0
	chrUn_AAEX03025549	0	5680		0
	chrUn_AAEX03025550	0	5678		0
	chrUn_AAEX03025551	0	5677		0
	chrUn_AAEX03025552	0	5675		0
	chrUn_AAEX03025553	0	5674		0
	chrUn_AAEX03025554	0	5674		0
	chrUn_AAEX03025555	0	5673		0
	chrUn_AAEX03025556	0	5671		0
	chrUn_AAEX03025557	0	5667		0
	chrUn_AAEX03025558	0	5665		0
	chrUn_AAEX03025559	0	5657		0
	chrUn_AAEX03025560	0	5656		0
	chrUn_AAEX03025561	0	5654		0
	chrUn_AAEX03025562	0	5652		0
	chrUn_AAEX03025563	0	5650		0
	chrUn_AAEX03025564	0	5649		0
	chrUn_AAEX03025565	0	5648		0
	chrUn_AAEX03025566	0	5638		0
	chrUn_AAEX03025567	0	5635		0
	chrUn_AAEX03025568	0	5635		0
	chrUn_AAEX03025569	0	5630		0
	chrUn_AAEX03025570	0	5629		0
	chrUn_AAEX03025571	0	5629		0
	chrUn_AAEX03025572	0	5627		0
	chrUn_AAEX03025573	0	5624		0
	chrUn_AAEX03025574	0	5623		0
	chrUn_AAEX03025575	0	5622		0
	chrUn_AAEX03025576	0	5618		0
	chrUn_AAEX03025577	0	5617		0
	chrUn_AAEX03025578	0	5614		0
	chrUn_AAEX03025579	0	5614		0
	chrUn_AAEX03025580	0	5610		0
	chrUn_AAEX03025581	0	5605		0
	chrUn_AAEX03025582	0	5594		0
	chrUn_AAEX03025583	0	5588		0
	chrUn_AAEX03025584	0	5584		0
	chrUn_AAEX03025585	0	5582		0
	chrUn_AAEX03025586	0	5579		0
	chrUn_AAEX03025587	0	5578		0
	chrUn_AAEX03025588	0	5577		0
	chrUn_AAEX03025589	0	5577		0
	chrUn_AAEX03025590	0	5571		0
	chrUn_AAEX03025591	0	5570		0
	chrUn_AAEX03025592	0	5557		0
	chrUn_AAEX03025593	0	5556		0
	chrUn_AAEX03025594	0	5554		0
	chrUn_AAEX03025595	0	5552		0
	chrUn_AAEX03025596	0	5551		0
	chrUn_AAEX03025597	0	5551		0
	chrUn_AAEX03025598	0	5549		0
	chrUn_AAEX03025599	0	5548		0
	chrUn_AAEX03025600	0	5547		0
	chrUn_AAEX03025601	0	5543		0
	chrUn_AAEX03025602	0	5541		0
	chrUn_AAEX03025603	0	5541		0
	chrUn_AAEX03025604	0	5531		0
	chrUn_AAEX03025605	0	5522		0
	chrUn_AAEX03025606	0	5521		0
	chrUn_AAEX03025607	0	5520		0
	chrUn_AAEX03025608	0	5517		0
	chrUn_AAEX03025609	0	5502		0
	chrUn_AAEX03025610	0	5500		0
	chrUn_AAEX03025611	0	5497		0
	chrUn_AAEX03025612	0	5496		0
	chrUn_AAEX03025613	0	5495		0
	chrUn_AAEX03025614	0	5489		0
	chrUn_AAEX03025615	0	5487		0
	chrUn_AAEX03025616	0	5487		0
	chrUn_AAEX03025617	0	5485		0
	chrUn_AAEX03025618	0	5483		0
	chrUn_AAEX03025619	0	5481		0
	chrUn_AAEX03025620	0	5476		0
	chrUn_AAEX03025621	0	5463		0
	chrUn_AAEX03025622	0	5460		0
	chrUn_AAEX03025623	0	5452		0
	chrUn_AAEX03025624	0	5452		0
	chrUn_AAEX03025627	0	5448		0
	chrUn_AAEX03025628	0	5446		0
	chrUn_AAEX03025629	0	5442		0
	chrUn_AAEX03025630	0	5442		0
	chrUn_AAEX03025631	0	5440		0
	chrUn_AAEX03025632	0	5438		0
	chrUn_AAEX03025633	0	5432		0
	chrUn_AAEX03025634	0	5426		0
	chrUn_AAEX03025635	0	5425		0
	chrUn_AAEX03025636	0	5421		0
	chrUn_AAEX03025637	0	5416		0
	chrUn_AAEX03025638	0	5415		0
	chrUn_AAEX03025639	0	5411		0
	chrUn_AAEX03025640	0	5407		0
	chrUn_AAEX03025641	0	5406		0
	chrUn_AAEX03025642	0	5404		0
	chrUn_AAEX03025643	0	5403		0
	chrUn_AAEX03025644	0	5401		0
	chrUn_AAEX03025645	0	5401		0
	chrUn_AAEX03025646	0	5399		0
	chrUn_AAEX03025647	0	5397		0
	chrUn_AAEX03025648	0	5397		0
	chrUn_AAEX03025649	0	5395		0
	chrUn_AAEX03025652	0	5391		0
	chrUn_AAEX03025653	0	5388		0
	chrUn_AAEX03025654	0	5386		0
	chrUn_AAEX03025655	0	5379		0
	chrUn_AAEX03025656	0	5378		0
	chrUn_AAEX03025657	0	5367		0
	chrUn_AAEX03025658	0	5366		0
	chrUn_AAEX03025659	0	5363		0
	chrUn_AAEX03025660	0	5360		0
	chrUn_AAEX03025661	0	5356		0
	chrUn_AAEX03025662	0	5350		0
	chrUn_AAEX03025663	0	5343		0
	chrUn_AAEX03025664	0	5343		0
	chrUn_AAEX03025665	0	5341		0
	chrUn_AAEX03025666	0	5332		0
	chrUn_AAEX03025667	0	5330		0
	chrUn_AAEX03025668	0	5328		0
	chrUn_AAEX03025669	0	5326		0
	chrUn_AAEX03025670	0	5323		0
	chrUn_AAEX03025671	0	5322		0
	chrUn_AAEX03025672	0	5321		0
	chrUn_AAEX03025675	0	5317		0
	chrUn_AAEX03025676	0	5307		0
	chrUn_AAEX03025677	0	5303		0
	chrUn_AAEX03025678	0	5302		0
	chrUn_AAEX03025679	0	5298		0
	chrUn_AAEX03025680	0	5295		0
	chrUn_AAEX03025681	0	5295		0
	chrUn_AAEX03025682	0	5292		0
	chrUn_AAEX03025683	0	5292		0
	chrUn_AAEX03025684	0	5292		0
	chrUn_AAEX03025685	0	5291		0
	chrUn_AAEX03025686	0	5290		0
	chrUn_AAEX03025687	0	5289		0
	chrUn_AAEX03025688	0	5289		0
	chrUn_AAEX03025689	0	5288		0
	chrUn_AAEX03025690	0	5283		0
	chrUn_AAEX03025691	0	5277		0
	chrUn_AAEX03025692	0	5276		0
	chrUn_AAEX03025693	0	5272		0
	chrUn_AAEX03025694	0	5264		0
	chrUn_AAEX03025695	0	5262		0
	chrUn_AAEX03025696	0	5261		0
	chrUn_AAEX03025697	0	5261		0
	chrUn_AAEX03025698	0	5258		0
	chrUn_AAEX03025699	0	5257		0
	chrUn_AAEX03025700	0	5254		0
	chrUn_AAEX03025701	0	5253		0
	chrUn_AAEX03025702	0	5246		0
	chrUn_AAEX03025703	0	5244		0
	chrUn_AAEX03025704	0	5243		0
	chrUn_AAEX03025705	0	5241		0
	chrUn_AAEX03025706	0	5240		0
	chrUn_AAEX03025707	0	5235		0
	chrUn_AAEX03025708	0	5224		0
	chrUn_AAEX03025709	0	5222		0
	chrUn_AAEX03025712	0	5212		0
	chrUn_AAEX03025713	0	5208		0
	chrUn_AAEX03025714	0	5193		0
	chrUn_AAEX03025715	0	5188		0
	chrUn_AAEX03025716	0	5188		0
	chrUn_AAEX03025717	0	5186		0
	chrUn_AAEX03025718	0	5185		0
	chrUn_AAEX03025719	0	5180		0
	chrUn_AAEX03025720	0	5174		0
	chrUn_AAEX03025721	0	5174		0
	chrUn_AAEX03025722	0	5173		0
	chrUn_AAEX03025723	0	5169		0
	chrUn_AAEX03025724	0	5167		0
	chrUn_AAEX03025725	0	5154		0
	chrUn_AAEX03025726	0	5154		0
	chrUn_AAEX03025727	0	5153		0
	chrUn_AAEX03025728	0	5150		0
	chrUn_AAEX03025729	0	5147		0
	chrUn_AAEX03025730	0	5147		0
	chrUn_AAEX03025731	0	5137		0
	chrUn_AAEX03025732	0	5136		0
	chrUn_AAEX03025733	0	5132		0
	chrUn_AAEX03025734	0	5130		0
	chrUn_AAEX03025735	0	5129		0
	chrUn_AAEX03025736	0	5124		0
	chrUn_AAEX03025737	0	5123		0
	chrUn_AAEX03025738	0	5119		0
	chrUn_AAEX03025739	0	5118		0
	chrUn_AAEX03025740	0	5118		0
	chrUn_AAEX03025741	0	5115		0
	chrUn_AAEX03025742	0	5115		0
	chrUn_AAEX03025743	0	5112		0
	chrUn_AAEX03025744	0	5110		0
	chrUn_AAEX03025745	0	5099		0
	chrUn_AAEX03025746	0	5096		0
	chrUn_AAEX03025747	0	5089		0
	chrUn_AAEX03025748	0	5080		0
	chrUn_AAEX03025749	0	5073		0
	chrUn_AAEX03025750	0	5070		0
	chrUn_AAEX03025751	0	5068		0
	chrUn_AAEX03025752	0	5061		0
	chrUn_AAEX03025753	0	5059		0
	chrUn_AAEX03025754	0	5054		0
	chrUn_AAEX03025755	0	5054		0
	chrUn_AAEX03025756	0	5053		0
	chrUn_AAEX03025757	0	5051		0
	chrUn_AAEX03025758	0	5046		0
	chrUn_AAEX03025759	0	5041		0
	chrUn_AAEX03025760	0	5038		0
	chrUn_AAEX03025761	0	5031		0
	chrUn_AAEX03025762	0	5021		0
	chrUn_AAEX03025763	0	5020		0
	chrUn_AAEX03025764	0	5018		0
	chrUn_AAEX03025765	0	5017		0
	chrUn_AAEX03025766	0	5016		0
	chrUn_AAEX03025767	0	5015		0
	chrUn_AAEX03025768	0	5010		0
	chrUn_AAEX03025769	0	5007		0
	chrUn_AAEX03025770	0	5004		0
	chrUn_AAEX03025771	0	5000		0
	chrUn_AAEX03025772	0	4998		0
	chrUn_AAEX03025773	0	4995		0
	chrUn_AAEX03025774	0	4994		0
	chrUn_AAEX03025775	0	4993		0
	chrUn_AAEX03025776	0	4991		0
	chrUn_AAEX03025777	0	4989		0
	chrUn_AAEX03025778	0	4988		0
	chrUn_AAEX03025779	0	4984		0
	chrUn_AAEX03025780	0	4980		0
	chrUn_AAEX03025781	0	4975		0
	chrUn_AAEX03025782	0	4975		0
	chrUn_AAEX03025783	0	4974		0
	chrUn_AAEX03025784	0	4969		0
	chrUn_AAEX03025785	0	4969		0
	chrUn_AAEX03025786	0	4969		0
	chrUn_AAEX03025787	0	4967		0
	chrUn_AAEX03025788	0	4965		0
	chrUn_AAEX03025789	0	4960		0
	chrUn_AAEX03025790	0	4960		0
	chrUn_AAEX03025791	0	4959		0
	chrUn_AAEX03025792	0	4957		0
	chrUn_AAEX03025795	0	4957		0
	chrUn_AAEX03025796	0	4956		0
	chrUn_AAEX03025797	0	4956		0
	chrUn_AAEX03025798	0	4955		0
	chrUn_AAEX03025799	0	4952		0
	chrUn_AAEX03025800	0	4950		0
	chrUn_AAEX03025801	0	4941		0
	chrUn_AAEX03025802	0	4934		0
	chrUn_AAEX03025803	0	4929		0
	chrUn_AAEX03025804	0	4925		0
	chrUn_AAEX03025805	0	4922		0
	chrUn_AAEX03025806	0	4921		0
	chrUn_AAEX03025807	0	4914		0
	chrUn_AAEX03025808	0	4911		0
	chrUn_AAEX03025809	0	4911		0
	chrUn_AAEX03025810	0	4894		0
	chrUn_AAEX03025811	0	4893		0
	chrUn_AAEX03025812	0	4892		0
	chrUn_AAEX03025813	0	4892		0
	chrUn_AAEX03025814	0	4889		0
	chrUn_AAEX03025815	0	4879		0
	chrUn_AAEX03025816	0	4877		0
	chrUn_AAEX03025817	0	4874		0
	chrUn_AAEX03025818	0	4871		0
	chrUn_AAEX03025819	0	4870		0
	chrUn_AAEX03025820	0	4869		0
	chrUn_AAEX03025821	0	4868		0
	chrUn_AAEX03025822	0	4867		0
	chrUn_AAEX03025823	0	4863		0
	chrUn_AAEX03025824	0	4862		0
	chrUn_AAEX03025825	0	4856		0
	chrUn_AAEX03025826	0	4854		0
	chrUn_AAEX03025827	0	4853		0
	chrUn_AAEX03025828	0	4847		0
	chrUn_AAEX03025829	0	4840		0
	chrUn_AAEX03025830	0	4838		0
	chrUn_AAEX03025831	0	4835		0
	chrUn_AAEX03025832	0	4828		0
	chrUn_AAEX03025833	0	4818		0
	chrUn_AAEX03025834	0	4809		0
	chrUn_AAEX03025835	0	4798		0
	chrUn_AAEX03025836	0	4798		0
	chrUn_AAEX03025837	0	4792		0
	chrUn_AAEX03025838	0	4792		0
	chrUn_AAEX03025839	0	4789		0
	chrUn_AAEX03025840	0	4787		0
	chrUn_AAEX03025841	0	4784		0
	chrUn_AAEX03025842	0	4784		0
	chrUn_AAEX03025843	0	4783		0
	chrUn_AAEX03025844	0	4782		0
	chrUn_AAEX03025845	0	4781		0
	chrUn_AAEX03025846	0	4767		0
	chrUn_AAEX03025847	0	4758		0
	chrUn_AAEX03025848	0	4744		0
	chrUn_AAEX03025849	0	4743		0
	chrUn_AAEX03025850	0	4738		0
	chrUn_AAEX03025851	0	4737		0
	chrUn_AAEX03025852	0	4736		0
	chrUn_AAEX03025853	0	4736		0
	chrUn_AAEX03025854	0	4736		0
	chrUn_AAEX03025855	0	4734		0
	chrUn_AAEX03025856	0	4733		0
	chrUn_AAEX03025857	0	4732		0
	chrUn_AAEX03025858	0	4726		0
	chrUn_AAEX03025859	0	4725		0
	chrUn_AAEX03025860	0	4718		0
	chrUn_AAEX03025861	0	4717		0
	chrUn_AAEX03025862	0	4702		0
	chrUn_AAEX03025863	0	4702		0
	chrUn_AAEX03025864	0	4698		0
	chrUn_AAEX03025865	0	4695		0
	chrUn_AAEX03025866	0	4694		0
	chrUn_AAEX03025867	0	4689		0
	chrUn_AAEX03025868	0	4688		0
	chrUn_AAEX03025869	0	4687		0
	chrUn_AAEX03025870	0	4685		0
	chrUn_AAEX03025871	0	4683		0
	chrUn_AAEX03025872	0	4681		0
	chrUn_AAEX03025873	0	4676		0
	chrUn_AAEX03025874	0	4673		0
	chrUn_AAEX03025875	0	4673		0
	chrUn_AAEX03025876	0	4669		0
	chrUn_AAEX03025877	0	4668		0
	chrUn_AAEX03025878	0	4662		0
	chrUn_AAEX03025879	0	4659		0
	chrUn_AAEX03025880	0	4649		0
	chrUn_AAEX03025881	0	4649		0
	chrUn_AAEX03025882	0	4639		0
	chrUn_AAEX03025883	0	4636		0
	chrUn_AAEX03025884	0	4631		0
	chrUn_AAEX03025885	0	4630		0
	chrUn_AAEX03025886	0	4629		0
	chrUn_AAEX03025887	0	4619		0
	chrUn_AAEX03025888	0	4613		0
	chrUn_AAEX03025889	0	4612		0
	chrUn_AAEX03025890	0	4601		0
	chrUn_AAEX03025891	0	4600		0
	chrUn_AAEX03025892	0	4600		0
	chrUn_AAEX03025893	0	4594		0
	chrUn_AAEX03025894	0	4588		0
	chrUn_AAEX03025895	0	4580		0
	chrUn_AAEX03025896	0	4577		0
	chrUn_AAEX03025897	0	4577		0
	chrUn_AAEX03025898	0	4577		0
	chrUn_AAEX03025899	0	4575		0
	chrUn_AAEX03025900	0	4574		0
	chrUn_AAEX03025901	0	4572		0
	chrUn_AAEX03025902	0	4572		0
	chrUn_AAEX03025903	0	4562		0
	chrUn_AAEX03025904	0	4555		0
	chrUn_AAEX03025905	0	4554		0
	chrUn_AAEX03025906	0	4552		0
	chrUn_AAEX03025907	0	4550		0
	chrUn_AAEX03025908	0	4543		0
	chrUn_AAEX03025909	0	4541		0
	chrUn_AAEX03025910	0	4539		0
	chrUn_AAEX03025911	0	4527		0
	chrUn_AAEX03025912	0	4519		0
	chrUn_AAEX03025913	0	4507		0
	chrUn_AAEX03025914	0	4501		0
	chrUn_AAEX03025915	0	4485		0
	chrUn_AAEX03025916	0	4480		0
	chrUn_AAEX03025917	0	4476		0
	chrUn_AAEX03025918	0	4469		0
	chrUn_AAEX03025919	0	4463		0
	chrUn_AAEX03025920	0	4460		0
	chrUn_AAEX03025921	0	4454		0
	chrUn_AAEX03025922	0	4453		0
	chrUn_AAEX03025923	0	4447		0
	chrUn_AAEX03025924	0	4443		0
	chrUn_AAEX03025925	0	4439		0
	chrUn_AAEX03025926	0	4437		0
	chrUn_AAEX03025927	0	4430		0
	chrUn_AAEX03025928	0	4429		0
	chrUn_AAEX03025929	0	4428		0
	chrUn_AAEX03025930	0	4420		0
	chrUn_AAEX03025931	0	4418		0
	chrUn_AAEX03025932	0	4418		0
	chrUn_AAEX03025933	0	4408		0
	chrUn_AAEX03025934	0	4404		0
	chrUn_AAEX03025935	0	4404		0
	chrUn_AAEX03025936	0	4403		0
	chrUn_AAEX03025937	0	4399		0
	chrUn_AAEX03025938	0	4393		0
	chrUn_AAEX03025939	0	4389		0
	chrUn_AAEX03025940	0	4389		0
	chrUn_AAEX03025941	0	4388		0
	chrUn_AAEX03025942	0	4378		0
	chrUn_AAEX03025943	0	4368		0
	chrUn_AAEX03025944	0	4359		0
	chrUn_AAEX03025945	0	4356		0
	chrUn_AAEX03025946	0	4353		0
	chrUn_AAEX03025947	0	4329		0
	chrUn_AAEX03025948	0	4311		0
	chrUn_AAEX03025949	0	4302		0
	chrUn_AAEX03025950	0	4300		0
	chrUn_AAEX03025951	0	4285		0
	chrUn_AAEX03025952	0	4283		0
	chrUn_AAEX03025953	0	4282		0
	chrUn_AAEX03025954	0	4281		0
	chrUn_AAEX03025955	0	4279		0
	chrUn_AAEX03025956	0	4277		0
	chrUn_AAEX03025957	0	4276		0
	chrUn_AAEX03025958	0	4276		0
	chrUn_AAEX03025959	0	4252		0
	chrUn_AAEX03025960	0	4248		0
	chrUn_AAEX03025961	0	4239		0
	chrUn_AAEX03025962	0	4238		0
	chrUn_AAEX03025963	0	4234		0
	chrUn_AAEX03025964	0	4233		0
	chrUn_AAEX03025965	0	4231		0
	chrUn_AAEX03025966	0	4225		0
	chrUn_AAEX03025967	0	4201		0
	chrUn_AAEX03025968	0	4198		0
	chrUn_AAEX03025969	0	4193		0
	chrUn_AAEX03025970	0	4186		0
	chrUn_AAEX03025971	0	4183		0
	chrUn_AAEX03025972	0	4177		0
	chrUn_AAEX03025973	0	4172		0
	chrUn_AAEX03025974	0	4163		0
	chrUn_AAEX03025975	0	4156		0
	chrUn_AAEX03025976	0	4141		0
	chrUn_AAEX03025977	0	4130		0
	chrUn_AAEX03025978	0	4130		0
	chrUn_AAEX03025979	0	4126		0
	chrUn_AAEX03025980	0	4123		0
	chrUn_AAEX03025981	0	4121		0
	chrUn_AAEX03025982	0	4117		0
	chrUn_AAEX03025983	0	4112		0
	chrUn_AAEX03025984	0	4097		0
	chrUn_AAEX03025985	0	4096		0
	chrUn_AAEX03025986	0	4070		0
	chrUn_AAEX03025987	0	4064		0
	chrUn_AAEX03025988	0	4061		0
	chrUn_AAEX03025989	0	4060		0
	chrUn_AAEX03025990	0	4025		0
	chrUn_AAEX03025991	0	4025		0
	chrUn_AAEX03025992	0	4011		0
	chrUn_AAEX03025993	0	4001		0
	chrUn_AAEX03025994	0	3976		0
	chrUn_AAEX03025995	0	3948		0
	chrUn_AAEX03025996	0	3941		0
	chrUn_AAEX03025997	0	3928		0
	chrUn_AAEX03025998	0	3925		0
	chrUn_AAEX03025999	0	3919		0
	chrUn_AAEX03026000	0	3849		0
	chrUn_AAEX03026001	0	3848		0
	chrUn_AAEX03026002	0	3847		0
	chrUn_AAEX03026003	0	3817		0
	chrUn_AAEX03026004	0	3780		0
	chrUn_AAEX03026005	0	3780		0
	chrUn_AAEX03026006	0	3777		0
	chrUn_AAEX03026007	0	3761		0
	chrUn_AAEX03026008	0	3750		0
	chrUn_AAEX03026009	0	3733		0
	chrUn_AAEX03026010	0	3719		0
	chrUn_AAEX03026011	0	3718		0
	chrUn_AAEX03026012	0	3706		0
	chrUn_AAEX03026013	0	3700		0
	chrUn_AAEX03026014	0	3695		0
	chrUn_AAEX03026015	0	3652		0
	chrUn_AAEX03026016	0	3649		0
	chrUn_AAEX03026017	0	3629		0
	chrUn_AAEX03026018	0	3622		0
	chrUn_AAEX03026019	0	3616		0
	chrUn_AAEX03026020	0	3614		0
	chrUn_AAEX03026021	0	3595		0
	chrUn_AAEX03026022	0	3589		0
	chrUn_AAEX03026023	0	3585		0
	chrUn_AAEX03026024	0	3580		0
	chrUn_AAEX03026025	0	3576		0
	chrUn_AAEX03026026	0	3564		0
	chrUn_AAEX03026027	0	3524		0
	chrUn_AAEX03026028	0	3506		0
	chrUn_AAEX03026029	0	3484		0
	chrUn_AAEX03026030	0	3480		0
	chrUn_AAEX03026031	0	3479		0
	chrUn_AAEX03026032	0	3440		0
	chrUn_AAEX03026033	0	3431		0
	chrUn_AAEX03026034	0	3430		0
	chrUn_AAEX03026035	0	3407		0
	chrUn_AAEX03026036	0	3398		0
	chrUn_AAEX03026037	0	3393		0
	chrUn_AAEX03026038	0	3388		0
	chrUn_AAEX03026039	0	3369		0
	chrUn_AAEX03026040	0	3338		0
	chrUn_AAEX03026041	0	3331		0
	chrUn_AAEX03026042	0	3271		0
	chrUn_AAEX03026043	0	3257		0
	chrUn_AAEX03026044	0	3257		0
	chrUn_AAEX03026045	0	3231		0
	chrUn_AAEX03026046	0	3135		0
	chrUn_AAEX03026047	0	3134		0
	chrUn_AAEX03026048	0	3059		0
	chrUn_AAEX03026049	0	3011		0
	chrUn_AAEX03026050	0	2997		0
	chrUn_AAEX03026051	0	2955		0
	chrUn_AAEX03026052	0	2933		0
	chrUn_AAEX03026053	0	2850		0
	chrUn_AAEX03026054	0	2823		0
	chrUn_AAEX03026055	0	2809		0
	chrUn_AAEX03026056	0	2772		0
	chrUn_AAEX03026057	0	2729		0
	chrUn_AAEX03026058	0	2708		0
	chrUn_AAEX03026059	0	2700		0
	chrUn_AAEX03026060	0	2641		0
	chrUn_AAEX03026061	0	2494		0
	chrUn_AAEX03026062	0	2361		0
	chrUn_AAEX03026063	0	2327		0
	chrUn_AAEX03026064	0	2250		0
	chrUn_AAEX03026065	0	2145		0
	chrUn_AAEX03026066	0	2046		0
	chrUn_AAEX03026067	0	1999		0
	chrUn_AAEX03026068	0	1819		0
	chrUn_AAEX03026069	0	1790		0
	chrUn_AAEX03026070	0	1685		0
	chrUn_AAEX03026071	0	1573		0
	chrUn_AAEX03026072	0	1115		0
	chrUn_JH373233	0	2660953		0
	chrUn_JH373234	0	1881673		0
	chrUn_JH373235	0	1415205		0
	chrUn_JH373236	0	1067467		0
	chrUn_JH373237	0	866315		0
	chrUn_JH373238	0	881102		0
	chrUn_JH373239	0	822601		0
	chrUn_JH373240	0	741967		0
	chrUn_JH373241	0	745551		0
	chrUn_JH373242	0	602611		0
	chrUn_JH373243	0	573630		0
	chrUn_JH373244	0	666183		0
	chrUn_JH373245	0	557017		0
	chrUn_JH373246	0	510604		0
	chrUn_JH373247	0	497093		0
	chrUn_JH373248	0	492630		0
	chrUn_JH373249	0	577062		0
	chrUn_JH373250	0	561270		0
	chrUn_JH373251	0	407330		0
	chrUn_JH373252	0	508668		0
	chrUn_JH373253	0	540093		0
	chrUn_JH373254	0	448434		0
	chrUn_JH373255	0	377800		0
	chrUn_JH373256	0	384880		0
	chrUn_JH373257	0	367143		0
	chrUn_JH373258	0	399987		0
	chrUn_JH373259	0	376204		0
	chrUn_JH373260	0	416178		0
	chrUn_JH373261	0	365470		0
	chrUn_JH373262	0	322752		0
	chrUn_JH373263	0	320591		0
	chrUn_JH373264	0	310270		0
	chrUn_JH373265	0	433650		0
	chrUn_JH373266	0	273228		0
	chrUn_JH373267	0	281659		0
	chrUn_JH373268	0	320442		0
	chrUn_JH373269	0	265648		0
	chrUn_JH373270	0	241365		0
	chrUn_JH373271	0	234529		0
	chrUn_JH373272	0	252720		0
	chrUn_JH373273	0	254975		0
	chrUn_JH373274	0	226053		0
	chrUn_JH373275	0	223744		0
	chrUn_JH373276	0	227140		0
	chrUn_JH373277	0	219672		0
	chrUn_JH373278	0	386314		0
	chrUn_JH373279	0	204342		0
	chrUn_JH373280	0	216332		0
	chrUn_JH373281	0	310654		0
	chrUn_JH373282	0	200932		0
	chrUn_JH373283	0	201410		0
	chrUn_JH373284	0	292533		0
	chrUn_JH373285	0	192561		0
	chrUn_JH373286	0	210134		0
	chrUn_JH373287	0	197844		0
	chrUn_JH373288	0	196813		0
	chrUn_JH373289	0	180359		0
	chrUn_JH373290	0	210247		0
	chrUn_JH373291	0	177735		0
	chrUn_JH373292	0	172100		0
	chrUn_JH373293	0	166866		0
	chrUn_JH373294	0	164926		0
	chrUn_JH373295	0	157598		0
	chrUn_JH373296	0	143980		0
	chrUn_JH373297	0	141074		0
	chrUn_JH373298	0	142260		0
	chrUn_JH373299	0	142296		0
	chrUn_JH373300	0	133119		0
	chrUn_JH373301	0	127429		0
	chrUn_JH373302	0	128261		0
	chrUn_JH373303	0	131872		0
	chrUn_JH373304	0	133432		0
	chrUn_JH373305	0	119670		0
	chrUn_JH373306	0	144750		0
	chrUn_JH373307	0	120779		0
	chrUn_JH373308	0	118237		0
	chrUn_JH373309	0	111908		0
	chrUn_JH373310	0	117332		0
	chrUn_JH373311	0	111759		0
	chrUn_JH373312	0	108801		0
	chrUn_JH373313	0	112014		0
	chrUn_JH373314	0	103248		0
	chrUn_JH373315	0	129482		0
	chrUn_JH373316	0	118473		0
	chrUn_JH373317	0	99993		0
	chrUn_JH373318	0	109585		0
	chrUn_JH373319	0	124049		0
	chrUn_JH373320	0	99658		0
	chrUn_JH373321	0	101741		0
	chrUn_JH373322	0	97365		0
	chrUn_JH373323	0	94395		0
	chrUn_JH373324	0	102992		0
	chrUn_JH373325	0	95509		0
	chrUn_JH373326	0	92047		0
	chrUn_JH373327	0	96536		0
	chrUn_JH373328	0	86544		0
	chrUn_JH373329	0	85476		0
	chrUn_JH373330	0	110512		0
	chrUn_JH373331	0	82380		0
	chrUn_JH373332	0	102198		0
	chrUn_JH373333	0	82108		0
	chrUn_JH373334	0	87041		0
	chrUn_JH373335	0	230124		0
	chrUn_JH373336	0	256406		0
	chrUn_JH373337	0	81930		0
	chrUn_JH373338	0	77100		0
	chrUn_JH373339	0	77130		0
	chrUn_JH373340	0	79078		0
	chrUn_JH373341	0	90550		0
	chrUn_JH373342	0	82767		0
	chrUn_JH373343	0	89070		0
	chrUn_JH373344	0	97802		0
	chrUn_JH373345	0	79712		0
	chrUn_JH373346	0	79581		0
	chrUn_JH373347	0	73720		0
	chrUn_JH373348	0	97799		0
	chrUn_JH373349	0	73171		0
	chrUn_JH373350	0	104732		0
	chrUn_JH373351	0	78935		0
	chrUn_JH373352	0	72992		0
	chrUn_JH373353	0	73611		0
	chrUn_JH373354	0	79297		0
	chrUn_JH373355	0	84443		0
	chrUn_JH373356	0	80679		0
	chrUn_JH373357	0	68834		0
	chrUn_JH373358	0	67496		0
	chrUn_JH373359	0	67057		0
	chrUn_JH373360	0	66195		0
	chrUn_JH373361	0	87584		0
	chrUn_JH373362	0	84679		0
	chrUn_JH373363	0	65696		0
	chrUn_JH373364	0	66021		0
	chrUn_JH373365	0	67300		0
	chrUn_JH373366	0	88153		0
	chrUn_JH373367	0	92437		0
	chrUn_JH373368	0	70351		0
	chrUn_JH373369	0	64646		0
	chrUn_JH373370	0	69126		0
	chrUn_JH373371	0	227674		0
	chrUn_JH373372	0	64123		0
	chrUn_JH373373	0	61944		0
	chrUn_JH373374	0	62414		0
	chrUn_JH373375	0	61779		0
	chrUn_JH373376	0	90840		0
	chrUn_JH373377	0	61194		0
	chrUn_JH373378	0	63245		0
	chrUn_JH373379	0	60975		0
	chrUn_JH373380	0	88336		0
	chrUn_JH373381	0	62896		0
	chrUn_JH373382	0	70666		0
	chrUn_JH373383	0	71007		0
	chrUn_JH373384	0	59879		0
	chrUn_JH373385	0	66981		0
	chrUn_JH373386	0	62805		0
	chrUn_JH373387	0	68857		0
	chrUn_JH373388	0	58149		0
	chrUn_JH373389	0	84024		0
	chrUn_JH373390	0	58658		0
	chrUn_JH373391	0	65402		0
	chrUn_JH373392	0	56534		0
	chrUn_JH373393	0	59023		0
	chrUn_JH373394	0	89903		0
	chrUn_JH373395	0	54477		0
	chrUn_JH373396	0	69310		0
	chrUn_JH373397	0	57210		0
	chrUn_JH373398	0	57907		0
	chrUn_JH373399	0	53093		0
	chrUn_JH373400	0	67358		0
	chrUn_JH373401	0	54660		0
	chrUn_JH373402	0	52637		0
	chrUn_JH373403	0	52288		0
	chrUn_JH373404	0	50869		0
	chrUn_JH373405	0	53506		0
	chrUn_JH373406	0	84691		0
	chrUn_JH373407	0	63256		0
	chrUn_JH373408	0	59752		0
	chrUn_JH373409	0	68739		0
	chrUn_JH373410	0	49032		0
	chrUn_JH373411	0	57792		0
	chrUn_JH373412	0	74646		0
	chrUn_JH373413	0	48411		0
	chrUn_JH373414	0	75626		0
	chrUn_JH373415	0	48436		0
	chrUn_JH373416	0	52731		0
	chrUn_JH373417	0	52367		0
	chrUn_JH373418	0	53681		0
	chrUn_JH373419	0	73441		0
	chrUn_JH373420	0	57620		0
	chrUn_JH373421	0	70154		0
	chrUn_JH373422	0	67100		0
	chrUn_JH373423	0	48085		0
	chrUn_JH373424	0	63970		0
	chrUn_JH373425	0	58859		0
	chrUn_JH373426	0	46098		0
	chrUn_JH373427	0	70370		0
	chrUn_JH373428	0	46044		0
	chrUn_JH373429	0	45518		0
	chrUn_JH373430	0	47960		0
	chrUn_JH373431	0	44571		0
	chrUn_JH373432	0	84617		0
	chrUn_JH373433	0	51679		0
	chrUn_JH373434	0	48264		0
	chrUn_JH373435	0	50939		0
	chrUn_JH373436	0	72756		0
	chrUn_JH373437	0	44216		0
	chrUn_JH373438	0	55991		0
	chrUn_JH373439	0	54329		0
	chrUn_JH373440	0	44549		0
	chrUn_JH373441	0	44306		0
	chrUn_JH373442	0	60428		0
	chrUn_JH373443	0	90666		0
	chrUn_JH373444	0	46059		0
	chrUn_JH373445	0	58391		0
	chrUn_JH373446	0	69503		0
	chrUn_JH373447	0	43189		0
	chrUn_JH373448	0	42168		0
	chrUn_JH373449	0	43681		0
	chrUn_JH373450	0	57311		0
	chrUn_JH373451	0	68304		0
	chrUn_JH373452	0	57240		0
	chrUn_JH373453	0	42861		0
	chrUn_JH373454	0	43424		0
	chrUn_JH373455	0	41221		0
	chrUn_JH373456	0	41006		0
	chrUn_JH373457	0	46509		0
	chrUn_JH373458	0	42743		0
	chrUn_JH373459	0	40818		0
	chrUn_JH373460	0	45697		0
	chrUn_JH373461	0	46980		0
	chrUn_JH373462	0	42806		0
	chrUn_JH373463	0	44573		0
	chrUn_JH373464	0	46145		0
	chrUn_JH373465	0	47441		0
	chrUn_JH373466	0	40677		0
	chrUn_JH373467	0	64983		0
	chrUn_JH373468	0	51094		0
	chrUn_JH373469	0	40054		0
	chrUn_JH373470	0	39199		0
	chrUn_JH373471	0	41432		0
	chrUn_JH373472	0	45027		0
	chrUn_JH373473	0	59547		0
	chrUn_JH373474	0	58434		0
	chrUn_JH373475	0	52308		0
	chrUn_JH373476	0	63560		0
	chrUn_JH373477	0	69036		0
	chrUn_JH373478	0	44261		0
	chrUn_JH373479	0	50023		0
	chrUn_JH373480	0	63789		0
	chrUn_JH373481	0	56472		0
	chrUn_JH373482	0	36805		0
	chrUn_JH373483	0	36868		0
	chrUn_JH373484	0	37334		0
	chrUn_JH373485	0	37117		0
	chrUn_JH373486	0	38643		0
	chrUn_JH373487	0	41256		0
	chrUn_JH373488	0	45145		0
	chrUn_JH373489	0	40256		0
	chrUn_JH373490	0	51152		0
	chrUn_JH373491	0	35523		0
	chrUn_JH373492	0	35539		0
	chrUn_JH373493	0	36733		0
	chrUn_JH373494	0	67206		0
	chrUn_JH373495	0	35605		0
	chrUn_JH373496	0	52898		0
	chrUn_JH373497	0	36780		0
	chrUn_JH373498	0	35816		0
	chrUn_JH373499	0	37626		0
	chrUn_JH373500	0	58782		0
	chrUn_JH373501	0	51573		0
	chrUn_JH373502	0	34700		0
	chrUn_JH373503	0	68521		0
	chrUn_JH373504	0	37165		0
	chrUn_JH373505	0	59196		0
	chrUn_JH373506	0	35730		0
	chrUn_JH373507	0	41582		0
	chrUn_JH373508	0	35992		0
	chrUn_JH373509	0	33186		0
	chrUn_JH373510	0	34753		0
	chrUn_JH373511	0	33563		0
	chrUn_JH373512	0	53447		0
	chrUn_JH373513	0	42139		0
	chrUn_JH373514	0	35363		0
	chrUn_JH373515	0	32878		0
	chrUn_JH373516	0	34525		0
	chrUn_JH373517	0	51923		0
	chrUn_JH373518	0	33542		0
	chrUn_JH373519	0	42604		0
	chrUn_JH373520	0	41158		0
	chrUn_JH373521	0	51290		0
	chrUn_JH373522	0	32248		0
	chrUn_JH373523	0	34538		0
	chrUn_JH373524	0	52768		0
	chrUn_JH373525	0	35503		0
	chrUn_JH373526	0	45980		0
	chrUn_JH373527	0	54238		0
	chrUn_JH373528	0	39405		0
	chrUn_JH373529	0	39951		0
	chrUn_JH373530	0	31643		0
	chrUn_JH373531	0	32486		0
	chrUn_JH373532	0	42312		0
	chrUn_JH373533	0	30648		0
	chrUn_JH373534	0	31768		0
	chrUn_JH373535	0	30772		0
	chrUn_JH373536	0	49508		0
	chrUn_JH373537	0	31361		0
	chrUn_JH373538	0	36826		0
	chrUn_JH373539	0	30499		0
	chrUn_JH373540	0	57351		0
	chrUn_JH373541	0	38238		0
	chrUn_JH373542	0	41393		0
	chrUn_JH373543	0	33316		0
	chrUn_JH373544	0	43581		0
	chrUn_JH373545	0	33675		0
	chrUn_JH373546	0	32524		0
	chrUn_JH373547	0	29710		0
	chrUn_JH373548	0	47028		0
	chrUn_JH373549	0	53998		0
	chrUn_JH373550	0	29738		0
	chrUn_JH373551	0	36512		0
	chrUn_JH373552	0	31985		0
	chrUn_JH373553	0	30345		0
	chrUn_JH373554	0	32397		0
	chrUn_JH373555	0	29319		0
	chrUn_JH373556	0	32931		0
	chrUn_JH373557	0	28934		0
	chrUn_JH373558	0	46651		0
	chrUn_JH373559	0	28880		0
	chrUn_JH373560	0	46277		0
	chrUn_JH373561	0	28774		0
	chrUn_JH373562	0	30112		0
	chrUn_JH373563	0	29108		0
	chrUn_JH373564	0	33873		0
	chrUn_JH373565	0	29245		0
	chrUn_JH373566	0	47268		0
	chrUn_JH373567	0	28436		0
	chrUn_JH373568	0	51377		0
	chrUn_JH373569	0	38407		0
	chrUn_JH373570	0	36189		0
	chrUn_JH373571	0	38154		0
	chrUn_JH373572	0	38510		0
	chrUn_JH373573	0	37277		0
	chrUn_JH373574	0	38339		0
	chrUn_JH373575	0	40746		0
	chrUn_JH373576	0	40872		0
	chrUn_JH373577	0	37050		0
	chrUn_JH373578	0	33642		0
	chrUn_JH373579	0	27833		0
	chrUn_JH373580	0	41669		0
	chrUn_JH373581	0	33187		0
	chrUn_JH373582	0	27891		0
	chrUn_JH373583	0	27463		0
	chrUn_JH373584	0	27432		0
	chrUn_JH373585	0	28005		0
	chrUn_JH373586	0	27325		0
	chrUn_JH373587	0	28859		0
	chrUn_JH373588	0	50378		0
	chrUn_JH373589	0	35185		0
	chrUn_JH373590	0	32600		0
	chrUn_JH373591	0	27308		0
	chrUn_JH373592	0	27079		0
	chrUn_JH373593	0	36805		0
	chrUn_JH373594	0	27099		0
	chrUn_JH373595	0	31435		0
	chrUn_JH373596	0	27111		0
	chrUn_JH373597	0	30527		0
	chrUn_JH373598	0	28228		0
	chrUn_JH373599	0	27868		0
	chrUn_JH373600	0	29594		0
	chrUn_JH373601	0	28772		0
	chrUn_JH373602	0	35463		0
	chrUn_JH373603	0	27228		0
	chrUn_JH373604	0	44314		0
	chrUn_JH373605	0	33462		0
	chrUn_JH373606	0	29218		0
	chrUn_JH373607	0	36225		0
	chrUn_JH373608	0	27345		0
	chrUn_JH373609	0	36341		0
	chrUn_JH373610	0	45727		0
	chrUn_JH373611	0	35285		0
	chrUn_JH373612	0	31065		0
	chrUn_JH373613	0	41410		0
	chrUn_JH373614	0	46217		0
	chrUn_JH373615	0	26138		0
	chrUn_JH373616	0	30936		0
	chrUn_JH373617	0	28880		0
	chrUn_JH373618	0	26077		0
	chrUn_JH373619	0	28790		0
	chrUn_JH373620	0	45208		0
	chrUn_JH373621	0	31837		0
	chrUn_JH373622	0	49579		0
	chrUn_JH373623	0	41962		0
	chrUn_JH373624	0	37928		0
	chrUn_JH373625	0	26000		0
	chrUn_JH373626	0	38919		0
	chrUn_JH373627	0	25608		0
	chrUn_JH373628	0	30561		0
	chrUn_JH373629	0	27505		0
	chrUn_JH373630	0	36250		0
	chrUn_JH373631	0	25257		0
	chrUn_JH373632	0	25556		0
	chrUn_JH373633	0	24895		0
	chrUn_JH373634	0	38242		0
	chrUn_JH373635	0	27302		0
	chrUn_JH373636	0	24700		0
	chrUn_JH373637	0	24856		0
	chrUn_JH373638	0	33600		0
	chrUn_JH373639	0	28736		0
	chrUn_JH373640	0	26648		0
	chrUn_JH373641	0	33135		0
	chrUn_JH373642	0	29863		0
	chrUn_JH373643	0	39331		0
	chrUn_JH373644	0	40390		0
	chrUn_JH373645	0	33467		0
	chrUn_JH373646	0	36033		0
	chrUn_JH373647	0	29441		0
	chrUn_JH373648	0	25543		0
	chrUn_JH373649	0	36336		0
	chrUn_JH373650	0	33915		0
	chrUn_JH373651	0	24570		0
	chrUn_JH373652	0	26173		0
	chrUn_JH373653	0	30219		0
	chrUn_JH373654	0	33908		0
	chrUn_JH373655	0	26716		0
	chrUn_JH373656	0	24967		0
	chrUn_JH373657	0	23482		0
	chrUn_JH373658	0	27911		0
	chrUn_JH373659	0	23323		0
	chrUn_JH373660	0	36066		0
	chrUn_JH373661	0	35965		0
	chrUn_JH373662	0	32608		0
	chrUn_JH373663	0	37016		0
	chrUn_JH373664	0	36383		0
	chrUn_JH373665	0	23365		0
	chrUn_JH373666	0	35586		0
	chrUn_JH373667	0	26810		0
	chrUn_JH373668	0	23924		0
	chrUn_JH373669	0	23808		0
	chrUn_JH373670	0	36442		0
	chrUn_JH373671	0	24220		0
	chrUn_JH373672	0	37035		0
	chrUn_JH373673	0	27199		0
	chrUn_JH373674	0	32829		0
	chrUn_JH373675	0	32820		0
	chrUn_JH373676	0	22972		0
	chrUn_JH373677	0	31011		0
	chrUn_JH373678	0	23374		0
	chrUn_JH373679	0	23313		0
	chrUn_JH373680	0	24509		0
	chrUn_JH373681	0	48551		0
	chrUn_JH373682	0	23951		0
	chrUn_JH373683	0	30594		0
	chrUn_JH373684	0	22913		0
	chrUn_JH373685	0	27827		0
	chrUn_JH373686	0	26767		0
	chrUn_JH373687	0	33436		0
	chrUn_JH373688	0	22547		0
	chrUn_JH373689	0	26196		0
	chrUn_JH373690	0	23635		0
	chrUn_JH373691	0	23511		0
	chrUn_JH373692	0	28627		0
	chrUn_JH373693	0	22156		0
	chrUn_JH373694	0	28155		0
	chrUn_JH373695	0	44778		0
	chrUn_JH373696	0	23148		0
	chrUn_JH373697	0	21584		0
	chrUn_JH373698	0	23347		0
	chrUn_JH373699	0	28254		0
	chrUn_JH373700	0	22168		0
	chrUn_JH373701	0	22495		0
	chrUn_JH373702	0	31530		0
	chrUn_JH373703	0	42665		0
	chrUn_JH373704	0	27551		0
	chrUn_JH373705	0	23068		0
	chrUn_JH373706	0	25846		0
	chrUn_JH373707	0	24946		0
	chrUn_JH373708	0	22065		0
	chrUn_JH373709	0	21134		0
	chrUn_JH373710	0	31042		0
	chrUn_JH373711	0	20961		0
	chrUn_JH373712	0	26248		0
	chrUn_JH373713	0	27890		0
	chrUn_JH373714	0	34690		0
	chrUn_JH373715	0	21015		0
	chrUn_JH373716	0	25447		0
	chrUn_JH373717	0	21136		0
	chrUn_JH373718	0	31967		0
	chrUn_JH373719	0	26131		0
	chrUn_JH373720	0	21048		0
	chrUn_JH373721	0	28710		0
	chrUn_JH373722	0	20073		0
	chrUn_JH373723	0	29620		0
	chrUn_JH373724	0	36550		0
	chrUn_JH373725	0	33702		0
	chrUn_JH373726	0	20890		0
	chrUn_JH373727	0	26207		0
	chrUn_JH373728	0	21446		0
	chrUn_JH373729	0	27235		0
	chrUn_JH373730	0	20564		0
	chrUn_JH373731	0	39918		0
	chrUn_JH373732	0	38343		0
	chrUn_JH373733	0	22216		0
	chrUn_JH373734	0	21815		0
	chrUn_JH373735	0	25161		0
	chrUn_JH373736	0	20693		0
	chrUn_JH373737	0	20650		0
	chrUn_JH373738	0	25652		0
	chrUn_JH373739	0	19874		0
	chrUn_JH373740	0	20554		0
	chrUn_JH373741	0	19477		0
	chrUn_JH373742	0	19944		0
	chrUn_JH373743	0	24056		0
	chrUn_JH373744	0	33123		0
	chrUn_JH373745	0	53625		0
	chrUn_JH373746	0	28455		0
	chrUn_JH373747	0	32180		0
	chrUn_JH373748	0	19319		0
	chrUn_JH373749	0	24356		0
	chrUn_JH373750	0	21352		0
	chrUn_JH373751	0	19766		0
	chrUn_JH373752	0	19964		0
	chrUn_JH373753	0	27374		0
	chrUn_JH373754	0	37094		0
	chrUn_JH373755	0	19499		0
	chrUn_JH373756	0	21618		0
	chrUn_JH373757	0	31530		0
	chrUn_JH373758	0	32353		0
	chrUn_JH373759	0	25786		0
	chrUn_JH373760	0	24511		0
	chrUn_JH373761	0	20964		0
	chrUn_JH373762	0	20876		0
	chrUn_JH373763	0	24529		0
	chrUn_JH373764	0	20128		0
	chrUn_JH373765	0	20000		0
	chrUn_JH373766	0	21026		0
	chrUn_JH373767	0	20809		0
	chrUn_JH373768	0	22221		0
	chrUn_JH373769	0	19644		0
	chrUn_JH373770	0	18815		0
	chrUn_JH373771	0	18687		0
	chrUn_JH373772	0	18962		0
	chrUn_JH373773	0	21962		0
	chrUn_JH373774	0	33291		0
	chrUn_JH373775	0	23772		0
	chrUn_JH373776	0	25486		0
	chrUn_JH373777	0	33999		0
	chrUn_JH373778	0	21006		0
	chrUn_JH373779	0	21731		0
	chrUn_JH373780	0	18890		0
	chrUn_JH373781	0	24853		0
	chrUn_JH373782	0	27860		0
	chrUn_JH373783	0	18737		0
	chrUn_JH373784	0	27458		0
	chrUn_JH373785	0	27404		0
	chrUn_JH373786	0	18771		0
	chrUn_JH373787	0	30129		0
	chrUn_JH373788	0	19761		0
	chrUn_JH373789	0	20358		0
	chrUn_JH373790	0	21046		0
	chrUn_JH373791	0	19138		0
	chrUn_JH373792	0	23451		0
	chrUn_JH373793	0	28668		0
	chrUn_JH373794	0	18406		0
	chrUn_JH373795	0	19089		0
	chrUn_JH373796	0	18501		0
	chrUn_JH373797	0	24093		0
	chrUn_JH373798	0	24500		0
	chrUn_JH373799	0	26194		0
	chrUn_JH373800	0	29578		0
	chrUn_JH373801	0	18426		0
	chrUn_JH373802	0	27028		0
	chrUn_JH373803	0	18671		0
	chrUn_JH373804	0	18124		0
	chrUn_JH373805	0	21848		0
	chrUn_JH373806	0	17768		0
	chrUn_JH373807	0	39045		0
	chrUn_JH373808	0	17751		0
	chrUn_JH373809	0	23605		0
	chrUn_JH373810	0	18435		0
	chrUn_JH373811	0	19944		0
	chrUn_JH373812	0	18448		0
	chrUn_JH373813	0	23498		0
	chrUn_JH373814	0	17741		0
	chrUn_JH373815	0	17503		0
	chrUn_JH373816	0	17604		0
	chrUn_JH373817	0	27876		0
	chrUn_JH373818	0	18906		0
	chrUn_JH373819	0	17657		0
	chrUn_JH373820	0	22831		0
	chrUn_JH373821	0	17335		0
	chrUn_JH373822	0	18717		0
	chrUn_JH373823	0	19288		0
	chrUn_JH373824	0	17856		0
	chrUn_JH373825	0	20219		0
	chrUn_JH373826	0	20014		0
	chrUn_JH373827	0	19512		0
	chrUn_JH373828	0	17905		0
	chrUn_JH373829	0	23321		0
	chrUn_JH373830	0	28718		0
	chrUn_JH373831	0	16534		0
	chrUn_JH373832	0	24152		0
	chrUn_JH373833	0	39754		0
	chrUn_JH373834	0	18305		0
	chrUn_JH373835	0	22397		0
	chrUn_JH373836	0	21676		0
	chrUn_JH373837	0	21930		0
	chrUn_JH373838	0	23188		0
	chrUn_JH373839	0	21977		0
	chrUn_JH373840	0	38323		0
	chrUn_JH373841	0	19561		0
	chrUn_JH373842	0	16178		0
	chrUn_JH373843	0	18404		0
	chrUn_JH373844	0	21436		0
	chrUn_JH373845	0	17640		0
	chrUn_JH373846	0	19149		0
	chrUn_JH373847	0	20901		0
	chrUn_JH373848	0	16054		0
	chrUn_JH373849	0	16945		0
	chrUn_JH373850	0	19044		0
	chrUn_JH373851	0	16414		0
	chrUn_JH373852	0	18714		0
	chrUn_JH373853	0	26559		0
	chrUn_JH373854	0	25228		0
	chrUn_JH373855	0	20182		0
	chrUn_JH373856	0	22992		0
	chrUn_JH373857	0	15960		0
	chrUn_JH373858	0	22770		0
	chrUn_JH373859	0	25959		0
	chrUn_JH373860	0	23569		0
	chrUn_JH373861	0	18011		0
	chrUn_JH373862	0	40613		0
	chrUn_JH373863	0	22704		0
	chrUn_JH373864	0	20027		0
	chrUn_JH373865	0	16369		0
	chrUn_JH373866	0	15837		0
	chrUn_JH373867	0	25159		0
	chrUn_JH373868	0	15586		0
	chrUn_JH373869	0	15927		0
	chrUn_JH373870	0	15954		0
	chrUn_JH373871	0	17041		0
	chrUn_JH373872	0	15961		0
	chrUn_JH373873	0	23290		0
	chrUn_JH373874	0	15944		0
	chrUn_JH373875	0	21547		0
	chrUn_JH373876	0	26016		0
	chrUn_JH373877	0	17132		0
	chrUn_JH373878	0	24098		0
	chrUn_JH373879	0	17147		0
	chrUn_JH373880	0	16433		0
	chrUn_JH373881	0	15218		0
	chrUn_JH373882	0	21977		0
	chrUn_JH373883	0	16549		0
	chrUn_JH373884	0	16518		0
	chrUn_JH373885	0	15737		0
	chrUn_JH373886	0	20455		0
	chrUn_JH373887	0	23775		0
	chrUn_JH373888	0	18475		0
	chrUn_JH373889	0	17792		0
	chrUn_JH373890	0	16165		0
	chrUn_JH373891	0	17469		0
	chrUn_JH373892	0	25078		0
	chrUn_JH373893	0	26317		0
	chrUn_JH373894	0	15778		0
	chrUn_JH373895	0	14814		0
	chrUn_JH373896	0	19442		0
	chrUn_JH373897	0	15964		0
	chrUn_JH373898	0	17208		0
	chrUn_JH373899	0	17164		0
	chrUn_JH373900	0	17866		0
	chrUn_JH373901	0	16813		0
	chrUn_JH373902	0	15008		0
	chrUn_JH373903	0	16406		0
	chrUn_JH373904	0	22716		0
	chrUn_JH373905	0	14509		0
	chrUn_JH373906	0	19236		0
	chrUn_JH373907	0	22031		0
	chrUn_JH373908	0	15303		0
	chrUn_JH373909	0	24251		0
	chrUn_JH373910	0	18243		0
	chrUn_JH373911	0	16214		0
	chrUn_JH373912	0	14817		0
	chrUn_JH373913	0	19282		0
	chrUn_JH373914	0	19562		0
	chrUn_JH373915	0	16678		0
	chrUn_JH373916	0	15882		0
	chrUn_JH373917	0	22497		0
	chrUn_JH373918	0	15609		0
	chrUn_JH373919	0	14505		0
	chrUn_JH373920	0	15021		0
	chrUn_JH373921	0	17417		0
	chrUn_JH373922	0	14321		0
	chrUn_JH373923	0	20209		0
	chrUn_JH373924	0	14356		0
	chrUn_JH373925	0	20078		0
	chrUn_JH373926	0	14570		0
	chrUn_JH373927	0	14399		0
	chrUn_JH373928	0	16741		0
	chrUn_JH373929	0	15355		0
	chrUn_JH373930	0	18091		0
	chrUn_JH373931	0	14179		0
	chrUn_JH373932	0	19932		0
	chrUn_JH373933	0	15554		0
	chrUn_JH373934	0	17824		0
	chrUn_JH373935	0	17760		0
	chrUn_JH373936	0	14289		0
	chrUn_JH373937	0	17765		0
	chrUn_JH373938	0	14026		0
	chrUn_JH373939	0	16869		0
	chrUn_JH373940	0	14097		0
	chrUn_JH373941	0	18815		0
	chrUn_JH373942	0	13891		0
	chrUn_JH373943	0	26714		0
	chrUn_JH373944	0	16551		0
	chrUn_JH373945	0	19791		0
	chrUn_JH373946	0	21823		0
	chrUn_JH373947	0	15158		0
	chrUn_JH373948	0	15696		0
	chrUn_JH373949	0	16606		0
	chrUn_JH373950	0	16840		0
	chrUn_JH373951	0	13981		0
	chrUn_JH373952	0	14269		0
	chrUn_JH373953	0	13662		0
	chrUn_JH373954	0	16064		0
	chrUn_JH373955	0	14884		0
	chrUn_JH373956	0	30711		0
	chrUn_JH373957	0	20498		0
	chrUn_JH373958	0	13547		0
	chrUn_JH373959	0	13803		0
	chrUn_JH373960	0	18089		0
	chrUn_JH373961	0	14328		0
	chrUn_JH373962	0	14578		0
	chrUn_JH373963	0	23501		0
	chrUn_JH373964	0	20103		0
	chrUn_JH373965	0	19881		0
	chrUn_JH373966	0	15666		0
	chrUn_JH373967	0	15908		0
	chrUn_JH373968	0	15209		0
	chrUn_JH373969	0	14649		0
	chrUn_JH373970	0	14890		0
	chrUn_JH373971	0	13490		0
	chrUn_JH373972	0	16339		0
	chrUn_JH373973	0	15840		0
	chrUn_JH373974	0	15246		0
	chrUn_JH373975	0	16589		0
	chrUn_JH373976	0	13514		0
	chrUn_JH373977	0	14880		0
	chrUn_JH373978	0	16826		0
	chrUn_JH373979	0	14782		0
	chrUn_JH373980	0	14052		0
	chrUn_JH373981	0	19829		0
	chrUn_JH373982	0	17825		0
	chrUn_JH373983	0	15591		0
	chrUn_JH373984	0	13265		0
	chrUn_JH373985	0	13444		0
	chrUn_JH373986	0	22614		0
	chrUn_JH373987	0	12607		0
	chrUn_JH373988	0	13892		0
	chrUn_JH373989	0	14241		0
	chrUn_JH373990	0	24688		0
	chrUn_JH373991	0	15524		0
	chrUn_JH373992	0	15170		0
	chrUn_JH373993	0	20360		0
	chrUn_JH373994	0	13221		0
	chrUn_JH373995	0	13870		0
	chrUn_JH373996	0	13169		0
	chrUn_JH373997	0	13665		0
	chrUn_JH373998	0	14714		0
	chrUn_JH373999	0	12629		0
	chrUn_JH374000	0	13126		0
	chrUn_JH374001	0	15591		0
	chrUn_JH374002	0	15002		0
	chrUn_JH374003	0	19982		0
	chrUn_JH374004	0	17590		0
	chrUn_JH374005	0	16557		0
	chrUn_JH374006	0	20244		0
	chrUn_JH374007	0	12070		0
	chrUn_JH374008	0	14862		0
	chrUn_JH374009	0	22205		0
	chrUn_JH374010	0	17521		0
	chrUn_JH374011	0	14577		0
	chrUn_JH374012	0	11883		0
	chrUn_JH374013	0	12161		0
	chrUn_JH374014	0	15712		0
	chrUn_JH374015	0	14844		0
	chrUn_JH374016	0	15148		0
	chrUn_JH374017	0	17963		0
	chrUn_JH374018	0	12999		0
	chrUn_JH374019	0	12857		0
	chrUn_JH374020	0	14765		0
	chrUn_JH374021	0	14650		0
	chrUn_JH374022	0	14150		0
	chrUn_JH374023	0	13011		0
	chrUn_JH374024	0	45050		0
	chrUn_JH374025	0	12085		0
	chrUn_JH374026	0	14051		0
	chrUn_JH374027	0	15624		0
	chrUn_JH374028	0	12499		0
	chrUn_JH374029	0	13788		0
	chrUn_JH374030	0	18229		0
	chrUn_JH374031	0	20157		0
	chrUn_JH374032	0	11448		0
	chrUn_JH374033	0	12555		0
	chrUn_JH374034	0	17995		0
	chrUn_JH374035	0	42648		0
	chrUn_JH374036	0	12508		0
	chrUn_JH374037	0	20713		0
	chrUn_JH374038	0	16619		0
	chrUn_JH374039	0	15350		0
	chrUn_JH374040	0	12661		0
	chrUn_JH374041	0	13760		0
	chrUn_JH374042	0	11030		0
	chrUn_JH374043	0	12953		0
	chrUn_JH374044	0	10955		0
	chrUn_JH374045	0	26441		0
	chrUn_JH374046	0	12618		0
	chrUn_JH374047	0	14379		0
	chrUn_JH374048	0	12265		0
	chrUn_JH374049	0	14602		0
	chrUn_JH374050	0	14236		0
	chrUn_JH374051	0	13507		0
	chrUn_JH374052	0	11232		0
	chrUn_JH374053	0	16395		0
	chrUn_JH374054	0	11305		0
	chrUn_JH374055	0	14263		0
	chrUn_JH374056	0	13453		0
	chrUn_JH374057	0	12565		0
	chrUn_JH374058	0	11838		0
	chrUn_JH374059	0	11181		0
	chrUn_JH374060	0	13538		0
	chrUn_JH374061	0	18318		0
	chrUn_JH374062	0	17463		0
	chrUn_JH374063	0	14326		0
	chrUn_JH374064	0	11719		0
	chrUn_JH374065	0	15970		0
	chrUn_JH374066	0	17899		0
	chrUn_JH374067	0	18578		0
	chrUn_JH374068	0	13604		0
	chrUn_JH374069	0	16700		0
	chrUn_JH374070	0	13306		0
	chrUn_JH374071	0	13882		0
	chrUn_JH374072	0	12446		0
	chrUn_JH374073	0	12461		0
	chrUn_JH374074	0	13008		0
	chrUn_JH374075	0	10592		0
	chrUn_JH374076	0	10589		0
	chrUn_JH374077	0	11833		0
	chrUn_JH374078	0	16329		0
	chrUn_JH374079	0	13354		0
	chrUn_JH374080	0	10748		0
	chrUn_JH374081	0	13874		0
	chrUn_JH374082	0	12938		0
	chrUn_JH374083	0	10093		0
	chrUn_JH374084	0	10948		0
	chrUn_JH374085	0	10484		0
	chrUn_JH374086	0	11521		0
	chrUn_JH374087	0	11079		0
	chrUn_JH374088	0	10143		0
	chrUn_JH374089	0	15551		0
	chrUn_JH374090	0	16733		0
	chrUn_JH374091	0	12747		0
	chrUn_JH374092	0	12298		0
	chrUn_JH374093	0	9731		0
	chrUn_JH374094	0	17219		0
	chrUn_JH374095	0	15054		0
	chrUn_JH374096	0	27321		0
	chrUn_JH374097	0	15306		0
	chrUn_JH374098	0	10330		0
	chrUn_JH374099	0	10339		0
	chrUn_JH374100	0	11843		0
	chrUn_JH374101	0	13392		0
	chrUn_JH374102	0	9809		0
	chrUn_JH374103	0	12162		0
	chrUn_JH374104	0	15866		0
	chrUn_JH374105	0	9431		0
	chrUn_JH374106	0	12185		0
	chrUn_JH374107	0	11135		0
	chrUn_JH374108	0	12748		0
	chrUn_JH374109	0	12406		0
	chrUn_JH374110	0	13732		0
	chrUn_JH374111	0	11344		0
	chrUn_JH374112	0	12878		0
	chrUn_JH374113	0	12145		0
	chrUn_JH374114	0	12109		0
	chrUn_JH374115	0	12554		0
	chrUn_JH374116	0	11727		0
	chrUn_JH374117	0	12821		0
	chrUn_JH374118	0	15377		0
	chrUn_JH374119	0	9047		0
	chrUn_JH374120	0	12511		0
	chrUn_JH374121	0	10513		0
	chrUn_JH374122	0	11959		0
	chrUn_JH374123	0	8988		0
	chrUn_JH374124	0	11392		0
	chrUn_JH374125	0	9270		0
	chrUn_JH374126	0	9076		0
	chrUn_JH374127	0	9926		0
	chrUn_JH374128	0	9732		0
	chrUn_JH374129	0	10213		0
	chrUn_JH374130	0	11851		0
	chrUn_JH374131	0	9405		0
	chrUn_JH374132	0	9862		0
	chrUn_JH374133	0	11728		0
	chrUn_JH374134	0	11342		0
	chrUn_JH374135	0	8666		0
	chrUn_JH374136	0	11913		0
	chrUn_JH374137	0	8560		0
	chrUn_JH374138	0	9779		0
	chrUn_JH374139	0	8655		0
	chrUn_JH374140	0	9823		0
	chrUn_JH374141	0	8202		0
	chrUn_JH374142	0	8920		0
	chrUn_JH374143	0	10358		0
	chrUn_JH374144	0	9246		0
	chrUn_JH374145	0	9411		0
	chrUn_JH374146	0	11651		0
	chrUn_JH374147	0	8109		0
	chrUn_JH374148	0	8353		0
	chrUn_JH374149	0	13468		0
	chrUn_JH374150	0	9668		0
	chrUn_JH374151	0	11127		0
	chrUn_JH374152	0	10986		0
	chrUn_JH374153	0	10377		0
	chrUn_JH374154	0	12637		0
	chrUn_JH374155	0	7455		0
	chrUn_JH374156	0	8049		0
	chrUn_JH374157	0	9688		0
	chrUn_JH374158	0	9228		0
	chrUn_JH374159	0	7386		0
	chrUn_JH374160	0	9012		0
	chrUn_JH374161	0	10131		0
	chrUn_JH374162	0	7246		0
	chrUn_JH374163	0	13114		0
	chrUn_JH374164	0	13328		0
	chrUn_JH374165	0	6998		0
	chrUn_JH374166	0	12234		0
	chrUn_JH374167	0	9343		0
	chrUn_JH374168	0	9248		0
	chrUn_JH374169	0	6928		0
	chrUn_JH374170	0	7248		0
	chrUn_JH374171	0	11332		0
	chrUn_JH374172	0	11326		0
	chrUn_JH374173	0	7602		0
	chrUn_JH374174	0	6742		0
	chrUn_JH374175	0	7274		0
	chrUn_JH374176	0	6684		0
	chrUn_JH374177	0	9597		0
	chrUn_JH374178	0	10730		0
	chrUn_JH374179	0	7645		0
	chrUn_JH374180	0	7225		0
	chrUn_JH374181	0	8707		0
	chrUn_JH374182	0	9546		0
	chrUn_JH374183	0	8199		0
	chrUn_JH374184	0	8904		0
	chrUn_JH374185	0	10965		0
	chrUn_JH374186	0	7569		0
	chrUn_JH374187	0	10817		0
	chrUn_JH374188	0	11697		0
	chrUn_JH374189	0	8038		0
	chrUn_JH374190	0	5797		0
	chrUn_JH374191	0	6845		0
	chrUn_JH374192	0	7721		0
	chrUn_JH374193	0	5700		0
	chrX	0	123869142		0
