	chr1	0	282763074		0
	chr10	0	112626471		0
	chr10_AABR07050850v1_random	0	548		0
	chr10_AABR07050887v1_random	0	1962		0
	chr10_AABR07050894v1_random	0	590		0
	chr10_KL568008v1_random	0	2704		0
	chr10_KL568009v1_random	0	27282		0
	chr10_KL568010v1_random	0	28524		0
	chr10_KL568011v1_random	0	24114		0
	chr10_KL568012v1_random	0	22748		0
	chr10_KL568013v1_random	0	5986		0
	chr10_KL568014v1_random	0	8466		0
	chr10_KL568015v1_random	0	15525		0
	chr10_KL568016v1_random	0	26063		0
	chr10_KL568017v1_random	0	16434		0
	chr10_KL568018v1_random	0	29483		0
	chr11	0	90463843		0
	chr11_AABR07050811v1_random	0	917		0
	chr11_AABR07050815v1_random	0	1204		0
	chr11_AABR07050825v1_random	0	1274		0
	chr11_KL568019v1_random	0	48508		0
	chr11_KL568020v1_random	0	24193		0
	chr11_KL568021v1_random	0	24537		0
	chr11_KL568022v1_random	0	7520		0
	chr11_KL568023v1_random	0	1603		0
	chr11_KL568024v1_random	0	28231		0
	chr11_KL568025v1_random	0	19565		0
	chr11_KL568026v1_random	0	15784		0
	chr11_KL568027v1_random	0	2724		0
	chr11_KL568028v1_random	0	8337		0
	chr11_KL568029v1_random	0	35203		0
	chr11_KL568030v1_random	0	11773		0
	chr11_KL568031v1_random	0	8183		0
	chr12	0	52716770		0
	chr12_AABR07051059v1_random	0	4594		0
	chr12_AABR07051089v1_random	0	580		0
	chr12_AABR07051090v1_random	0	3027		0
	chr12_KL568032v1_random	0	10672		0
	chr12_KL568033v1_random	0	14885		0
	chr12_KL568034v1_random	0	3214		0
	chr12_KL568035v1_random	0	7095		0
	chr12_KL568036v1_random	0	18420		0
	chr12_KL568037v1_random	0	6770		0
	chr12_KL568038v1_random	0	17009		0
	chr12_KL568039v1_random	0	17744		0
	chr12_KL568040v1_random	0	11557		0
	chr13	0	114033958		0
	chr13_AABR07050784v1_random	0	3876		0
	chr13_KL568041v1_random	0	22880		0
	chr13_KL568042v1_random	0	22393		0
	chr13_KL568043v1_random	0	4810		0
	chr13_KL568044v1_random	0	21067		0
	chr13_KL568045v1_random	0	40838		0
	chr13_KL568046v1_random	0	23864		0
	chr13_KL568047v1_random	0	4212		0
	chr13_KL568048v1_random	0	17062		0
	chr13_KL568049v1_random	0	19070		0
	chr13_KL568050v1_random	0	2905		0
	chr13_KL568051v1_random	0	60838		0
	chr14	0	115493446		0
	chr14_KL568052v1_random	0	23128		0
	chr14_KL568053v1_random	0	33884		0
	chr14_KL568054v1_random	0	31451		0
	chr14_KL568055v1_random	0	6984		0
	chr14_KL568056v1_random	0	2940		0
	chr14_KL568057v1_random	0	35355		0
	chr14_KL568058v1_random	0	16413		0
	chr14_KL568059v1_random	0	27955		0
	chr14_KL568060v1_random	0	3352		0
	chr14_KL568061v1_random	0	4767		0
	chr15	0	111246239		0
	chr15_AABR07046563v1_random	0	1113		0
	chr15_KL568062v1_random	0	5881		0
	chr15_KL568063v1_random	0	15622		0
	chr15_KL568064v1_random	0	39113		0
	chr15_KL568065v1_random	0	2068		0
	chr15_KL568066v1_random	0	16414		0
	chr15_KL568067v1_random	0	76800		0
	chr15_KL568068v1_random	0	28441		0
	chr15_KL568069v1_random	0	3057		0
	chr15_KL568070v1_random	0	13105		0
	chr15_KL568071v1_random	0	5890		0
	chr15_KL568072v1_random	0	27900		0
	chr15_KL568073v1_random	0	13013		0
	chr15_KL568074v1_random	0	11065		0
	chr16	0	90668790		0
	chr16_AABR07050959v1_random	0	2278		0
	chr16_AABR07050985v1_random	0	742		0
	chr16_AABR07050986v1_random	0	3473		0
	chr16_AABR07050989v1_random	0	2001		0
	chr16_KL568075v1_random	0	15415		0
	chr16_KL568076v1_random	0	33299		0
	chr16_KL568077v1_random	0	9129		0
	chr16_KL568078v1_random	0	25637		0
	chr16_KL568079v1_random	0	45872		0
	chr16_KL568080v1_random	0	49795		0
	chr16_KL568081v1_random	0	17953		0
	chr16_KL568082v1_random	0	2971		0
	chr17	0	90843779		0
	chr17_AABR07050910v1_random	0	3308		0
	chr17_AABR07050911v1_random	0	2566		0
	chr17_AABR07050912v1_random	0	743		0
	chr17_AABR07050916v1_random	0	825		0
	chr17_KL568083v1_random	0	2923		0
	chr17_KL568084v1_random	0	15805		0
	chr17_KL568085v1_random	0	31300		0
	chr17_KL568086v1_random	0	7522		0
	chr17_KL568087v1_random	0	20486		0
	chr17_KL568088v1_random	0	23848		0
	chr17_KL568089v1_random	0	17431		0
	chr17_KL568090v1_random	0	4623		0
	chr17_KL568091v1_random	0	9189		0
	chr17_KL568092v1_random	0	33190		0
	chr18	0	88201929		0
	chr18_AABR07051098v1_random	0	572		0
	chr18_AABR07051099v1_random	0	1185		0
	chr18_AABR07051126v1_random	0	2299		0
	chr18_KL568093v1_random	0	12008		0
	chr18_KL568094v1_random	0	3318		0
	chr18_KL568095v1_random	0	7639		0
	chr18_KL568096v1_random	0	45622		0
	chr18_KL568097v1_random	0	57850		0
	chr18_KL568098v1_random	0	4827		0
	chr18_KL568099v1_random	0	12402		0
	chr19	0	62275575		0
	chr19_KL568100v1_random	0	24817		0
	chr19_KL568101v1_random	0	59862		0
	chr19_KL568102v1_random	0	53245		0
	chr1_AABR07046142v1_random	0	4043		0
	chr1_AABR07046150v1_random	0	1041		0
	chr1_AABR07046158v1_random	0	3018		0
	chr1_AABR07046159v1_random	0	3224		0
	chr1_AABR07046182v1_random	0	659		0
	chr1_AABR07046186v1_random	0	881		0
	chr1_AABR07046187v1_random	0	2999		0
	chr1_AABR07046211v1_random	0	1042		0
	chr1_AABR07046212v1_random	0	3264		0
	chr1_AABR07046222v1_random	0	2978		0
	chr1_AABR07046230v1_random	0	6554		0
	chr1_AABR07046231v1_random	0	31509		0
	chr1_KL567879v1_random	0	4483		0
	chr1_KL567880v1_random	0	16921		0
	chr1_KL567881v1_random	0	28452		0
	chr1_KL567882v1_random	0	28706		0
	chr1_KL567883v1_random	0	3546		0
	chr1_KL567884v1_random	0	19577		0
	chr1_KL567885v1_random	0	6757		0
	chr1_KL567886v1_random	0	16175		0
	chr1_KL567887v1_random	0	5668		0
	chr1_KL567888v1_random	0	5884		0
	chr1_KL567889v1_random	0	24468		0
	chr1_KL567890v1_random	0	2119		0
	chr1_KL567891v1_random	0	53404		0
	chr1_KL567892v1_random	0	34086		0
	chr1_KL567893v1_random	0	30950		0
	chr1_KL567894v1_random	0	30438		0
	chr1_KL567895v1_random	0	26645		0
	chr2	0	266435125		0
	chr20	0	56205956		0
	chr20_AABR07055056v1_random	0	2941		0
	chr20_AABR07055065v1_random	0	1347		0
	chr20_KL568103v1_random	0	4554		0
	chr20_KL568104v1_random	0	16888		0
	chr20_KL568105v1_random	0	2619		0
	chr20_KL568106v1_random	0	5546		0
	chr20_KL568107v1_random	0	4592		0
	chr20_KL568108v1_random	0	44883		0
	chr20_KL568109v1_random	0	29266		0
	chr20_KL568110v1_random	0	8294		0
	chr2_AABR07045875v1_random	0	515		0
	chr2_AABR07045975v1_random	0	4223		0
	chr2_AABR07046014v1_random	0	955		0
	chr2_KL567896v1_random	0	8590		0
	chr2_KL567897v1_random	0	4528		0
	chr2_KL567898v1_random	0	34630		0
	chr2_KL567899v1_random	0	11090		0
	chr2_KL567900v1_random	0	14052		0
	chr2_KL567901v1_random	0	46970		0
	chr2_KL567902v1_random	0	33155		0
	chr2_KL567903v1_random	0	32912		0
	chr2_KL567904v1_random	0	11839		0
	chr2_KL567905v1_random	0	3364		0
	chr2_KL567906v1_random	0	31912		0
	chr2_KL567907v1_random	0	53909		0
	chr2_KL567908v1_random	0	61811		0
	chr2_KL567909v1_random	0	11554		0
	chr2_KL567910v1_random	0	22191		0
	chr2_KL567911v1_random	0	23371		0
	chr2_KL567912v1_random	0	8936		0
	chr2_KL567913v1_random	0	34458		0
	chr2_KL567914v1_random	0	57161		0
	chr2_KL567915v1_random	0	19935		0
	chr3	0	177699992		0
	chr3_AABR07046243v1_random	0	1049		0
	chr3_AABR07046248v1_random	0	619		0
	chr3_AABR07046249v1_random	0	1163		0
	chr3_AABR07046267v1_random	0	1821		0
	chr3_AABR07046283v1_random	0	567		0
	chr3_AABR07046296v1_random	0	2362		0
	chr3_AABR07046319v1_random	0	2826		0
	chr3_KL567916v1_random	0	18861		0
	chr3_KL567917v1_random	0	33261		0
	chr3_KL567918v1_random	0	5278		0
	chr3_KL567919v1_random	0	100126		0
	chr3_KL567920v1_random	0	17963		0
	chr3_KL567921v1_random	0	15352		0
	chr3_KL567922v1_random	0	5545		0
	chr3_KL567923v1_random	0	9678		0
	chr3_KL567924v1_random	0	25463		0
	chr3_KL567925v1_random	0	1808		0
	chr3_KL567926v1_random	0	59501		0
	chr3_KL567927v1_random	0	13550		0
	chr3_KL567928v1_random	0	4407		0
	chr3_KL567929v1_random	0	2912		0
	chr3_KL567930v1_random	0	5384		0
	chr3_KL567931v1_random	0	18329		0
	chr3_KL567932v1_random	0	8306		0
	chr4	0	184226339		0
	chr4_AABR07046405v1_random	0	682		0
	chr4_KL567933v1_random	0	27386		0
	chr4_KL567934v1_random	0	6638		0
	chr4_KL567935v1_random	0	14953		0
	chr4_KL567936v1_random	0	14424		0
	chr4_KL567937v1_random	0	28091		0
	chr4_KL567938v1_random	0	21336		0
	chr4_KL567939v1_random	0	227955		0
	chr4_KL567940v1_random	0	77814		0
	chr4_KL567941v1_random	0	54041		0
	chr4_KL567942v1_random	0	8128		0
	chr4_KL567943v1_random	0	20550		0
	chr4_KL567944v1_random	0	25173		0
	chr4_KL567945v1_random	0	16464		0
	chr4_KL567946v1_random	0	66194		0
	chr4_KL567947v1_random	0	56466		0
	chr5	0	173707219		0
	chr5_AABR07046433v1_random	0	2834		0
	chr5_AABR07046507v1_random	0	1207		0
	chr5_KL567948v1_random	0	3195		0
	chr5_KL567949v1_random	0	4694		0
	chr5_KL567950v1_random	0	6510		0
	chr5_KL567951v1_random	0	40651		0
	chr5_KL567952v1_random	0	12293		0
	chr5_KL567953v1_random	0	17865		0
	chr5_KL567954v1_random	0	33929		0
	chr5_KL567955v1_random	0	2942		0
	chr5_KL567956v1_random	0	667		0
	chr5_KL567957v1_random	0	32762		0
	chr5_KL567958v1_random	0	27327		0
	chr5_KL567959v1_random	0	147722		0
	chr5_KL567960v1_random	0	4527		0
	chr5_KL567961v1_random	0	10282		0
	chr5_KL567962v1_random	0	6046		0
	chr5_KL567963v1_random	0	11717		0
	chr5_KL567964v1_random	0	6173		0
	chr6	0	147991367		0
	chr6_AABR07055042v1_random	0	1118		0
	chr6_KL567965v1_random	0	26164		0
	chr6_KL567966v1_random	0	11408		0
	chr6_KL567967v1_random	0	13829		0
	chr6_KL567968v1_random	0	14678		0
	chr6_KL567969v1_random	0	4340		0
	chr6_KL567970v1_random	0	16625		0
	chr6_KL567971v1_random	0	14904		0
	chr6_KL567972v1_random	0	25590		0
	chr6_KL567973v1_random	0	15169		0
	chr6_KL567974v1_random	0	16318		0
	chr7	0	145729302		0
	chr7_AABR07046019v1_random	0	523		0
	chr7_AABR07046034v1_random	0	530		0
	chr7_AABR07046136v1_random	0	16358		0
	chr7_AABR07046137v1_random	0	1393		0
	chr7_KL567975v1_random	0	26321		0
	chr7_KL567976v1_random	0	24724		0
	chr7_KL567977v1_random	0	11537		0
	chr7_KL567978v1_random	0	3931		0
	chr7_KL567979v1_random	0	569		0
	chr7_KL567980v1_random	0	14205		0
	chr7_KL567981v1_random	0	38234		0
	chr7_KL567982v1_random	0	15070		0
	chr7_KL567983v1_random	0	13399		0
	chr7_KL567984v1_random	0	39602		0
	chr7_KL567985v1_random	0	4799		0
	chr7_KL567986v1_random	0	25064		0
	chr7_KL567987v1_random	0	14346		0
	chr7_KL567988v1_random	0	36409		0
	chr7_KL567989v1_random	0	1608		0
	chr7_KL567990v1_random	0	2196		0
	chr7_KL567991v1_random	0	1075		0
	chr7_KL567992v1_random	0	2204		0
	chr7_KL567993v1_random	0	26319		0
	chr7_KL567994v1_random	0	69252		0
	chr8	0	133307652		0
	chr8_AABR07050661v1_random	0	586		0
	chr8_AABR07050689v1_random	0	760		0
	chr8_AABR07050727v1_random	0	2164		0
	chr8_KL567995v1_random	0	18840		0
	chr8_KL567996v1_random	0	2893		0
	chr8_KL567997v1_random	0	36789		0
	chr8_KL567998v1_random	0	11262		0
	chr8_KL567999v1_random	0	17960		0
	chr8_KL568000v1_random	0	3475		0
	chr8_KL568001v1_random	0	95634		0
	chr8_KL568002v1_random	0	23102		0
	chr9	0	122095297		0
	chr9_AABR07051154v1_random	0	520		0
	chr9_AABR07051155v1_random	0	4212		0
	chr9_KL568003v1_random	0	104398		0
	chr9_KL568004v1_random	0	3829		0
	chr9_KL568005v1_random	0	48638		0
	chr9_KL568006v1_random	0	29490		0
	chr9_KL568007v1_random	0	19393		0
	chrM	0	16313		0
	chrUn_AABR07022239v1	0	607		0
	chrUn_AABR07022257v1	0	562		0
	chrUn_AABR07022258v1	0	875		0
	chrUn_AABR07022259v1	0	667		0
	chrUn_AABR07022263v1	0	626		0
	chrUn_AABR07022264v1	0	714		0
	chrUn_AABR07022265v1	0	675		0
	chrUn_AABR07022266v1	0	650		0
	chrUn_AABR07022273v1	0	556		0
	chrUn_AABR07022279v1	0	704		0
	chrUn_AABR07022284v1	0	700		0
	chrUn_AABR07022287v1	0	683		0
	chrUn_AABR07022288v1	0	522		0
	chrUn_AABR07022298v1	0	428		0
	chrUn_AABR07022299v1	0	1106		0
	chrUn_AABR07022300v1	0	584		0
	chrUn_AABR07022301v1	0	482		0
	chrUn_AABR07022304v1	0	714		0
	chrUn_AABR07022333v1	0	391		0
	chrUn_AABR07022334v1	0	815		0
	chrUn_AABR07022335v1	0	654		0
	chrUn_AABR07022336v1	0	723		0
	chrUn_AABR07022337v1	0	564		0
	chrUn_AABR07022342v1	0	785		0
	chrUn_AABR07022350v1	0	745		0
	chrUn_AABR07022359v1	0	723		0
	chrUn_AABR07022367v1	0	641		0
	chrUn_AABR07022368v1	0	552		0
	chrUn_AABR07022378v1	0	849		0
	chrUn_AABR07022404v1	0	754		0
	chrUn_AABR07022405v1	0	816		0
	chrUn_AABR07022416v1	0	691		0
	chrUn_AABR07022425v1	0	559		0
	chrUn_AABR07022428v1	0	605		0
	chrUn_AABR07022431v1	0	534		0
	chrUn_AABR07022456v1	0	351		0
	chrUn_AABR07022478v1	0	530		0
	chrUn_AABR07022479v1	0	503		0
	chrUn_AABR07022504v1	0	555		0
	chrUn_AABR07022511v1	0	3545		0
	chrUn_AABR07022514v1	0	450		0
	chrUn_AABR07022517v1	0	942		0
	chrUn_AABR07022519v1	0	663		0
	chrUn_AABR07022531v1	0	766		0
	chrUn_AABR07022532v1	0	503		0
	chrUn_AABR07022559v1	0	609		0
	chrUn_AABR07022573v1	0	1063		0
	chrUn_AABR07022594v1	0	1852		0
	chrUn_AABR07022608v1	0	790		0
	chrUn_AABR07022616v1	0	815		0
	chrUn_AABR07022619v1	0	663		0
	chrUn_AABR07022620v1	0	2057		0
	chrUn_AABR07022621v1	0	547		0
	chrUn_AABR07022626v1	0	804		0
	chrUn_AABR07022627v1	0	795		0
	chrUn_AABR07022628v1	0	535		0
	chrUn_AABR07022629v1	0	613		0
	chrUn_AABR07022630v1	0	2877		0
	chrUn_AABR07022645v1	0	523		0
	chrUn_AABR07022654v1	0	1981		0
	chrUn_AABR07022671v1	0	563		0
	chrUn_AABR07022672v1	0	706		0
	chrUn_AABR07022676v1	0	690		0
	chrUn_AABR07022684v1	0	681		0
	chrUn_AABR07022707v1	0	3741		0
	chrUn_AABR07022726v1	0	588		0
	chrUn_AABR07022729v1	0	740		0
	chrUn_AABR07022737v1	0	2840		0
	chrUn_AABR07022738v1	0	588		0
	chrUn_AABR07022753v1	0	529		0
	chrUn_AABR07022759v1	0	741		0
	chrUn_AABR07022760v1	0	658		0
	chrUn_AABR07022783v1	0	560		0
	chrUn_AABR07022793v1	0	493		0
	chrUn_AABR07022802v1	0	521		0
	chrUn_AABR07022827v1	0	619		0
	chrUn_AABR07022828v1	0	664		0
	chrUn_AABR07022829v1	0	549		0
	chrUn_AABR07022830v1	0	1094		0
	chrUn_AABR07022857v1	0	996		0
	chrUn_AABR07022871v1	0	1098		0
	chrUn_AABR07022880v1	0	577		0
	chrUn_AABR07022881v1	0	642		0
	chrUn_AABR07022884v1	0	614		0
	chrUn_AABR07022885v1	0	265		0
	chrUn_AABR07022905v1	0	763		0
	chrUn_AABR07022906v1	0	453		0
	chrUn_AABR07022907v1	0	670		0
	chrUn_AABR07022920v1	0	515		0
	chrUn_AABR07022921v1	0	649		0
	chrUn_AABR07022922v1	0	567		0
	chrUn_AABR07022923v1	0	2226		0
	chrUn_AABR07022926v1	0	1138		0
	chrUn_AABR07022934v1	0	743		0
	chrUn_AABR07022944v1	0	238		0
	chrUn_AABR07022957v1	0	575		0
	chrUn_AABR07022973v1	0	786		0
	chrUn_AABR07022990v1	0	622		0
	chrUn_AABR07022993v1	0	642		0
	chrUn_AABR07022994v1	0	526		0
	chrUn_AABR07023014v1	0	529		0
	chrUn_AABR07023024v1	0	748		0
	chrUn_AABR07023031v1	0	813		0
	chrUn_AABR07023052v1	0	1106		0
	chrUn_AABR07023067v1	0	774		0
	chrUn_AABR07023068v1	0	2217		0
	chrUn_AABR07023168v1	0	2153		0
	chrUn_AABR07023321v1	0	656		0
	chrUn_AABR07023324v1	0	503		0
	chrUn_AABR07023325v1	0	1839		0
	chrUn_AABR07023445v1	0	789		0
	chrUn_AABR07023534v1	0	647		0
	chrUn_AABR07023560v1	0	592		0
	chrUn_AABR07023949v1	0	515		0
	chrUn_AABR07023967v1	0	516		0
	chrUn_AABR07023968v1	0	1301		0
	chrUn_AABR07023990v1	0	4561		0
	chrUn_AABR07024005v1	0	665		0
	chrUn_AABR07024006v1	0	657		0
	chrUn_AABR07024007v1	0	828		0
	chrUn_AABR07024031v1	0	62230		0
	chrUn_AABR07024032v1	0	24546		0
	chrUn_AABR07024039v1	0	65089		0
	chrUn_AABR07024040v1	0	11025		0
	chrUn_AABR07024041v1	0	31641		0
	chrUn_AABR07024042v1	0	35846		0
	chrUn_AABR07024043v1	0	665		0
	chrUn_AABR07024044v1	0	21485		0
	chrUn_AABR07024045v1	0	2041		0
	chrUn_AABR07024046v1	0	4613		0
	chrUn_AABR07024047v1	0	128550		0
	chrUn_AABR07024066v1	0	44061		0
	chrUn_AABR07024067v1	0	4328		0
	chrUn_AABR07024071v1	0	21256		0
	chrUn_AABR07024080v1	0	991		0
	chrUn_AABR07024092v1	0	669		0
	chrUn_AABR07024100v1	0	507		0
	chrUn_AABR07024101v1	0	4996		0
	chrUn_AABR07024102v1	0	54789		0
	chrUn_AABR07024103v1	0	832		0
	chrUn_AABR07024104v1	0	66549		0
	chrUn_AABR07024105v1	0	4462		0
	chrUn_AABR07024106v1	0	41833		0
	chrUn_AABR07024114v1	0	836		0
	chrUn_AABR07024115v1	0	4365		0
	chrUn_AABR07024118v1	0	4550		0
	chrUn_AABR07024119v1	0	12249		0
	chrUn_AABR07024120v1	0	52816		0
	chrUn_AABR07024121v1	0	586		0
	chrUn_AABR07024122v1	0	18491		0
	chrUn_AABR07024123v1	0	3961		0
	chrUn_AABR07024124v1	0	82313		0
	chrUn_AABR07024125v1	0	904		0
	chrUn_AABR07024138v1	0	897		0
	chrUn_AABR07024145v1	0	68209		0
	chrUn_AABR07024150v1	0	10542		0
	chrUn_AABR07024159v1	0	3318		0
	chrUn_AABR07024160v1	0	980		0
	chrUn_AABR07024165v1	0	2419		0
	chrUn_AABR07024177v1	0	602		0
	chrUn_AABR07024178v1	0	1101		0
	chrUn_AABR07024182v1	0	920		0
	chrUn_AABR07024187v1	0	3745		0
	chrUn_AABR07024188v1	0	156216		0
	chrUn_AABR07024189v1	0	659		0
	chrUn_AABR07024192v1	0	32611		0
	chrUn_AABR07024193v1	0	3838		0
	chrUn_AABR07024194v1	0	559		0
	chrUn_AABR07024195v1	0	1593		0
	chrUn_AABR07024196v1	0	1098		0
	chrUn_AABR07024203v1	0	96120		0
	chrUn_AABR07024204v1	0	1554		0
	chrUn_AABR07024205v1	0	8757		0
	chrUn_AABR07024206v1	0	20997		0
	chrUn_AABR07024221v1	0	1065		0
	chrUn_AABR07024222v1	0	4316		0
	chrUn_AABR07024223v1	0	754		0
	chrUn_AABR07024226v1	0	550		0
	chrUn_AABR07024227v1	0	693		0
	chrUn_AABR07024228v1	0	3757		0
	chrUn_AABR07024229v1	0	1833		0
	chrUn_AABR07024262v1	0	15893		0
	chrUn_AABR07024263v1	0	26083		0
	chrUn_AABR07024264v1	0	11303		0
	chrUn_AABR07024265v1	0	1285		0
	chrUn_AABR07024266v1	0	594		0
	chrUn_AABR07024267v1	0	3745		0
	chrUn_AABR07024268v1	0	230		0
	chrUn_AABR07024269v1	0	1048		0
	chrUn_AABR07024286v1	0	18032		0
	chrUn_AABR07024289v1	0	692		0
	chrUn_AABR07024290v1	0	3036		0
	chrUn_AABR07024291v1	0	140190		0
	chrUn_AABR07024292v1	0	5784		0
	chrUn_AABR07024293v1	0	1238		0
	chrUn_AABR07024294v1	0	678		0
	chrUn_AABR07024304v1	0	568		0
	chrUn_AABR07024319v1	0	708		0
	chrUn_AABR07024320v1	0	613		0
	chrUn_AABR07024321v1	0	6849		0
	chrUn_AABR07024322v1	0	992		0
	chrUn_AABR07024323v1	0	1633		0
	chrUn_AABR07024331v1	0	1116		0
	chrUn_AABR07024332v1	0	1222		0
	chrUn_AABR07024349v1	0	666		0
	chrUn_AABR07024350v1	0	20296		0
	chrUn_AABR07024351v1	0	628		0
	chrUn_AABR07024371v1	0	721		0
	chrUn_AABR07024374v1	0	1080		0
	chrUn_AABR07024382v1	0	161493		0
	chrUn_AABR07024383v1	0	744		0
	chrUn_AABR07024390v1	0	2896		0
	chrUn_AABR07024393v1	0	673		0
	chrUn_AABR07024394v1	0	13714		0
	chrUn_AABR07024395v1	0	821		0
	chrUn_AABR07024396v1	0	736		0
	chrUn_AABR07024397v1	0	2454		0
	chrUn_AABR07024398v1	0	44505		0
	chrUn_AABR07024399v1	0	2218		0
	chrUn_AABR07024421v1	0	97361		0
	chrUn_AABR07024427v1	0	1529		0
	chrUn_AABR07024428v1	0	1455		0
	chrUn_AABR07024432v1	0	579		0
	chrUn_AABR07024433v1	0	637		0
	chrUn_KL568167v1	0	11182		0
	chrUn_KL568168v1	0	2015		0
	chrUn_KL568169v1	0	21595		0
	chrUn_KL568170v1	0	12470		0
	chrUn_KL568171v1	0	2141		0
	chrUn_KL568172v1	0	2699		0
	chrUn_KL568173v1	0	11069		0
	chrUn_KL568174v1	0	12149		0
	chrUn_KL568175v1	0	1861		0
	chrUn_KL568176v1	0	21235		0
	chrUn_KL568177v1	0	5691		0
	chrUn_KL568178v1	0	2131		0
	chrUn_KL568179v1	0	8008		0
	chrUn_KL568180v1	0	7344		0
	chrUn_KL568181v1	0	1130		0
	chrUn_KL568182v1	0	1923		0
	chrUn_KL568183v1	0	3177		0
	chrUn_KL568184v1	0	1761		0
	chrUn_KL568185v1	0	34391		0
	chrUn_KL568186v1	0	4076		0
	chrUn_KL568187v1	0	34792		0
	chrUn_KL568188v1	0	2287		0
	chrUn_KL568189v1	0	1389		0
	chrUn_KL568190v1	0	11903		0
	chrUn_KL568191v1	0	33866		0
	chrUn_KL568192v1	0	3219		0
	chrUn_KL568193v1	0	31523		0
	chrUn_KL568194v1	0	2533		0
	chrUn_KL568195v1	0	5841		0
	chrUn_KL568196v1	0	29796		0
	chrUn_KL568197v1	0	6090		0
	chrUn_KL568198v1	0	15369		0
	chrUn_KL568199v1	0	12984		0
	chrUn_KL568200v1	0	5023		0
	chrUn_KL568201v1	0	5537		0
	chrUn_KL568202v1	0	7012		0
	chrUn_KL568203v1	0	1485		0
	chrUn_KL568204v1	0	1028		0
	chrUn_KL568205v1	0	2858		0
	chrUn_KL568206v1	0	795		0
	chrUn_KL568207v1	0	2985		0
	chrUn_KL568208v1	0	6280		0
	chrUn_KL568209v1	0	1619		0
	chrUn_KL568210v1	0	1709		0
	chrUn_KL568211v1	0	1424		0
	chrUn_KL568212v1	0	17641		0
	chrUn_KL568213v1	0	3120		0
	chrUn_KL568214v1	0	3273		0
	chrUn_KL568215v1	0	15161		0
	chrUn_KL568216v1	0	1404		0
	chrUn_KL568217v1	0	2047		0
	chrUn_KL568218v1	0	14221		0
	chrUn_KL568219v1	0	18520		0
	chrUn_KL568220v1	0	3003		0
	chrUn_KL568221v1	0	2110		0
	chrUn_KL568222v1	0	1709		0
	chrUn_KL568223v1	0	7105		0
	chrUn_KL568224v1	0	13776		0
	chrUn_KL568225v1	0	11178		0
	chrUn_KL568226v1	0	6062		0
	chrUn_KL568227v1	0	2774		0
	chrUn_KL568228v1	0	26706		0
	chrUn_KL568229v1	0	1413		0
	chrUn_KL568230v1	0	1324		0
	chrUn_KL568231v1	0	2132		0
	chrUn_KL568232v1	0	2600		0
	chrUn_KL568233v1	0	3210		0
	chrUn_KL568234v1	0	5584		0
	chrUn_KL568235v1	0	7064		0
	chrUn_KL568236v1	0	1497		0
	chrUn_KL568237v1	0	4201		0
	chrUn_KL568238v1	0	1101		0
	chrUn_KL568239v1	0	1652		0
	chrUn_KL568240v1	0	1765		0
	chrUn_KL568241v1	0	1994		0
	chrUn_KL568242v1	0	4688		0
	chrUn_KL568243v1	0	1724		0
	chrUn_KL568244v1	0	1998		0
	chrUn_KL568245v1	0	21811		0
	chrUn_KL568246v1	0	5769		0
	chrUn_KL568247v1	0	3663		0
	chrUn_KL568248v1	0	22287		0
	chrUn_KL568249v1	0	1218		0
	chrUn_KL568250v1	0	1250		0
	chrUn_KL568251v1	0	15341		0
	chrUn_KL568252v1	0	2198		0
	chrUn_KL568253v1	0	1810		0
	chrUn_KL568254v1	0	5473		0
	chrUn_KL568255v1	0	1519		0
	chrUn_KL568256v1	0	4854		0
	chrUn_KL568257v1	0	35119		0
	chrUn_KL568258v1	0	2384		0
	chrUn_KL568259v1	0	4341		0
	chrUn_KL568260v1	0	4168		0
	chrUn_KL568261v1	0	1528		0
	chrUn_KL568262v1	0	2018		0
	chrUn_KL568263v1	0	5941		0
	chrUn_KL568264v1	0	1570		0
	chrUn_KL568265v1	0	1130		0
	chrUn_KL568266v1	0	9310		0
	chrUn_KL568267v1	0	3782		0
	chrUn_KL568268v1	0	5463		0
	chrUn_KL568269v1	0	1156		0
	chrUn_KL568270v1	0	19998		0
	chrUn_KL568271v1	0	5328		0
	chrUn_KL568272v1	0	17134		0
	chrUn_KL568273v1	0	3880		0
	chrUn_KL568274v1	0	5820		0
	chrUn_KL568275v1	0	1066		0
	chrUn_KL568276v1	0	1684		0
	chrUn_KL568277v1	0	1370		0
	chrUn_KL568278v1	0	1760		0
	chrUn_KL568279v1	0	1061		0
	chrUn_KL568280v1	0	4786		0
	chrUn_KL568281v1	0	5240		0
	chrUn_KL568282v1	0	48841		0
	chrUn_KL568283v1	0	11645		0
	chrUn_KL568284v1	0	1512		0
	chrUn_KL568285v1	0	12244		0
	chrUn_KL568286v1	0	5311		0
	chrUn_KL568287v1	0	3520		0
	chrUn_KL568288v1	0	7455		0
	chrUn_KL568289v1	0	5072		0
	chrUn_KL568290v1	0	5288		0
	chrUn_KL568291v1	0	2924		0
	chrUn_KL568292v1	0	38332		0
	chrUn_KL568293v1	0	5847		0
	chrUn_KL568294v1	0	2680		0
	chrUn_KL568295v1	0	25592		0
	chrUn_KL568296v1	0	1127		0
	chrUn_KL568297v1	0	5492		0
	chrUn_KL568298v1	0	1200		0
	chrUn_KL568299v1	0	4870		0
	chrUn_KL568300v1	0	10110		0
	chrUn_KL568301v1	0	2759		0
	chrUn_KL568302v1	0	1571		0
	chrUn_KL568303v1	0	22032		0
	chrUn_KL568304v1	0	10256		0
	chrUn_KL568305v1	0	2760		0
	chrUn_KL568306v1	0	6288		0
	chrUn_KL568307v1	0	29238		0
	chrUn_KL568308v1	0	1740		0
	chrUn_KL568309v1	0	3422		0
	chrUn_KL568310v1	0	6164		0
	chrUn_KL568311v1	0	3190		0
	chrUn_KL568312v1	0	20693		0
	chrUn_KL568313v1	0	5919		0
	chrUn_KL568314v1	0	33342		0
	chrUn_KL568315v1	0	91871		0
	chrUn_KL568316v1	0	16204		0
	chrUn_KL568317v1	0	16248		0
	chrUn_KL568318v1	0	125475		0
	chrUn_KL568319v1	0	119946		0
	chrUn_KL568320v1	0	2745		0
	chrUn_KL568321v1	0	26605		0
	chrUn_KL568322v1	0	33480		0
	chrUn_KL568323v1	0	14207		0
	chrUn_KL568324v1	0	66040		0
	chrUn_KL568325v1	0	54929		0
	chrUn_KL568326v1	0	11525		0
	chrUn_KL568327v1	0	3635		0
	chrUn_KL568328v1	0	79909		0
	chrUn_KL568329v1	0	16490		0
	chrUn_KL568330v1	0	30684		0
	chrUn_KL568331v1	0	13633		0
	chrUn_KL568332v1	0	7699		0
	chrUn_KL568333v1	0	5195		0
	chrUn_KL568334v1	0	86017		0
	chrUn_KL568335v1	0	10099		0
	chrUn_KL568336v1	0	91174		0
	chrUn_KL568337v1	0	70310		0
	chrUn_KL568338v1	0	1318		0
	chrUn_KL568339v1	0	3656		0
	chrUn_KL568340v1	0	13915		0
	chrUn_KL568341v1	0	11068		0
	chrUn_KL568342v1	0	46249		0
	chrUn_KL568343v1	0	23983		0
	chrUn_KL568344v1	0	47276		0
	chrUn_KL568345v1	0	35857		0
	chrUn_KL568346v1	0	83525		0
	chrUn_KL568347v1	0	3871		0
	chrUn_KL568348v1	0	34944		0
	chrUn_KL568349v1	0	21578		0
	chrUn_KL568350v1	0	44681		0
	chrUn_KL568351v1	0	16017		0
	chrUn_KL568352v1	0	2296		0
	chrUn_KL568353v1	0	246307		0
	chrUn_KL568354v1	0	113311		0
	chrUn_KL568355v1	0	51892		0
	chrUn_KL568356v1	0	24824		0
	chrUn_KL568357v1	0	42088		0
	chrUn_KL568358v1	0	9478		0
	chrUn_KL568359v1	0	25619		0
	chrUn_KL568360v1	0	78647		0
	chrUn_KL568361v1	0	38115		0
	chrUn_KL568362v1	0	110326		0
	chrUn_KL568363v1	0	4501		0
	chrUn_KL568364v1	0	40094		0
	chrUn_KL568365v1	0	3788		0
	chrUn_KL568366v1	0	89457		0
	chrUn_KL568367v1	0	7294		0
	chrUn_KL568368v1	0	3026		0
	chrUn_KL568369v1	0	1310		0
	chrUn_KL568370v1	0	45784		0
	chrUn_KL568371v1	0	1945		0
	chrUn_KL568372v1	0	4252		0
	chrUn_KL568373v1	0	12016		0
	chrUn_KL568374v1	0	333641		0
	chrUn_KL568375v1	0	1421		0
	chrUn_KL568376v1	0	22589		0
	chrUn_KL568377v1	0	78358		0
	chrUn_KL568378v1	0	2442		0
	chrUn_KL568379v1	0	85300		0
	chrUn_KL568380v1	0	15687		0
	chrUn_KL568381v1	0	64584		0
	chrUn_KL568382v1	0	6932		0
	chrUn_KL568383v1	0	7756		0
	chrUn_KL568384v1	0	12708		0
	chrUn_KL568385v1	0	1647		0
	chrUn_KL568386v1	0	1285		0
	chrUn_KL568387v1	0	31396		0
	chrUn_KL568388v1	0	70933		0
	chrUn_KL568389v1	0	23929		0
	chrUn_KL568390v1	0	14001		0
	chrUn_KL568391v1	0	25619		0
	chrUn_KL568392v1	0	3563		0
	chrUn_KL568393v1	0	5972		0
	chrUn_KL568394v1	0	22601		0
	chrUn_KL568395v1	0	56177		0
	chrUn_KL568396v1	0	12101		0
	chrUn_KL568397v1	0	75068		0
	chrUn_KL568398v1	0	68568		0
	chrUn_KL568399v1	0	30444		0
	chrUn_KL568400v1	0	29228		0
	chrUn_KL568401v1	0	3168		0
	chrUn_KL568402v1	0	36615		0
	chrUn_KL568403v1	0	22089		0
	chrUn_KL568404v1	0	24694		0
	chrUn_KL568405v1	0	151075		0
	chrUn_KL568406v1	0	28554		0
	chrUn_KL568407v1	0	2094		0
	chrUn_KL568408v1	0	46319		0
	chrUn_KL568409v1	0	409149		0
	chrUn_KL568410v1	0	197620		0
	chrUn_KL568411v1	0	21210		0
	chrUn_KL568412v1	0	69990		0
	chrUn_KL568413v1	0	115560		0
	chrUn_KL568414v1	0	134730		0
	chrUn_KL568415v1	0	110043		0
	chrUn_KL568416v1	0	3052		0
	chrUn_KL568417v1	0	62095		0
	chrUn_KL568418v1	0	276968		0
	chrUn_KL568419v1	0	82153		0
	chrUn_KL568420v1	0	33038		0
	chrUn_KL568421v1	0	106580		0
	chrUn_KL568422v1	0	1106		0
	chrUn_KL568423v1	0	57880		0
	chrUn_KL568424v1	0	52566		0
	chrUn_KL568425v1	0	11782		0
	chrUn_KL568426v1	0	2831		0
	chrUn_KL568427v1	0	24952		0
	chrUn_KL568428v1	0	15511		0
	chrUn_KL568429v1	0	1681		0
	chrUn_KL568430v1	0	55205		0
	chrUn_KL568431v1	0	45117		0
	chrUn_KL568432v1	0	170578		0
	chrUn_KL568433v1	0	51123		0
	chrUn_KL568434v1	0	100599		0
	chrUn_KL568435v1	0	2121		0
	chrUn_KL568436v1	0	32325		0
	chrUn_KL568437v1	0	13579		0
	chrUn_KL568438v1	0	140435		0
	chrUn_KL568439v1	0	31478		0
	chrUn_KL568440v1	0	62701		0
	chrUn_KL568441v1	0	15269		0
	chrUn_KL568442v1	0	35498		0
	chrUn_KL568443v1	0	61029		0
	chrUn_KL568444v1	0	3439		0
	chrUn_KL568445v1	0	55656		0
	chrUn_KL568446v1	0	122070		0
	chrUn_KL568447v1	0	122693		0
	chrUn_KL568448v1	0	11863		0
	chrUn_KL568449v1	0	148379		0
	chrUn_KL568450v1	0	81653		0
	chrUn_KL568451v1	0	259454		0
	chrUn_KL568452v1	0	36554		0
	chrUn_KL568453v1	0	56678		0
	chrUn_KL568454v1	0	75706		0
	chrUn_KL568455v1	0	11965		0
	chrUn_KL568456v1	0	12647		0
	chrUn_KL568457v1	0	30706		0
	chrUn_KL568458v1	0	179901		0
	chrUn_KL568459v1	0	3288		0
	chrUn_KL568460v1	0	96610		0
	chrUn_KL568461v1	0	43373		0
	chrUn_KL568462v1	0	47307		0
	chrUn_KL568463v1	0	78222		0
	chrUn_KL568464v1	0	65989		0
	chrUn_KL568465v1	0	161686		0
	chrUn_KL568466v1	0	44605		0
	chrUn_KL568467v1	0	46639		0
	chrUn_KL568468v1	0	117679		0
	chrUn_KL568469v1	0	5093		0
	chrUn_KL568470v1	0	78834		0
	chrUn_KL568471v1	0	37571		0
	chrUn_KL568472v1	0	45419		0
	chrUn_KL568473v1	0	555557		0
	chrUn_KL568474v1	0	20991		0
	chrUn_KL568475v1	0	29518		0
	chrUn_KL568476v1	0	14444		0
	chrUn_KL568477v1	0	79564		0
	chrUn_KL568478v1	0	23222		0
	chrUn_KL568479v1	0	38297		0
	chrUn_KL568480v1	0	41802		0
	chrUn_KL568481v1	0	30624		0
	chrUn_KL568482v1	0	97190		0
	chrUn_KL568483v1	0	36071		0
	chrUn_KL568484v1	0	11932		0
	chrUn_KL568485v1	0	27645		0
	chrUn_KL568486v1	0	15907		0
	chrUn_KL568487v1	0	150036		0
	chrUn_KL568488v1	0	23475		0
	chrUn_KL568489v1	0	1590		0
	chrUn_KL568490v1	0	23674		0
	chrUn_KL568491v1	0	2344		0
	chrUn_KL568492v1	0	21680		0
	chrUn_KL568493v1	0	6345		0
	chrUn_KL568494v1	0	1167		0
	chrUn_KL568495v1	0	11737		0
	chrUn_KL568496v1	0	3657		0
	chrUn_KL568497v1	0	4939		0
	chrUn_KL568498v1	0	13834		0
	chrUn_KL568499v1	0	13135		0
	chrUn_KL568500v1	0	1783		0
	chrUn_KL568501v1	0	1397		0
	chrUn_KL568502v1	0	1892		0
	chrUn_KL568503v1	0	2826		0
	chrUn_KL568504v1	0	1296		0
	chrUn_KL568505v1	0	11671		0
	chrUn_KL568506v1	0	1171		0
	chrUn_KL568507v1	0	24931		0
	chrUn_KL568508v1	0	1166		0
	chrUn_KL568509v1	0	2750		0
	chrUn_KL568510v1	0	37283		0
	chrUn_KL568511v1	0	24582		0
	chrUn_KL568512v1	0	23752		0
	chrUn_KL568513v1	0	4908		0
	chrUn_KL568514v1	0	11876		0
	chrUn_KL568515v1	0	2232		0
	chrUn_KL568516v1	0	5687		0
	chrUn_KL568517v1	0	13491		0
	chrUn_KL568518v1	0	5301		0
	chrX	0	159970021		0
	chrX_AABR07045681v1_random	0	712		0
	chrX_AABR07045688v1_random	0	2649		0
	chrX_AABR07045689v1_random	0	3045		0
	chrX_AABR07045742v1_random	0	766		0
	chrX_AABR07045743v1_random	0	702		0
	chrX_AABR07045766v1_random	0	2378		0
	chrX_AABR07045776v1_random	0	2721		0
	chrX_KL568111v1_random	0	17895		0
	chrX_KL568112v1_random	0	9469		0
	chrX_KL568113v1_random	0	17247		0
	chrX_KL568114v1_random	0	49370		0
	chrX_KL568115v1_random	0	1634		0
	chrX_KL568116v1_random	0	40570		0
	chrX_KL568117v1_random	0	13665		0
	chrX_KL568118v1_random	0	42845		0
	chrX_KL568119v1_random	0	655		0
	chrX_KL568120v1_random	0	4293		0
	chrX_KL568121v1_random	0	14896		0
	chrX_KL568122v1_random	0	32860		0
	chrX_KL568123v1_random	0	4208		0
	chrX_KL568124v1_random	0	3436		0
	chrX_KL568125v1_random	0	72847		0
	chrX_KL568126v1_random	0	69551		0
	chrX_KL568127v1_random	0	9581		0
	chrX_KL568128v1_random	0	5682		0
	chrX_KL568129v1_random	0	22842		0
	chrX_KL568130v1_random	0	29690		0
	chrX_KL568131v1_random	0	13600		0
	chrX_KL568132v1_random	0	13907		0
	chrX_KL568133v1_random	0	29461		0
	chrX_KL568134v1_random	0	31813		0
	chrX_KL568135v1_random	0	16979		0
	chrX_KL568136v1_random	0	41179		0
	chrX_KL568137v1_random	0	47458		0
	chrX_KL568138v1_random	0	4289		0
	chrY	0	3310458		0
	chrY_KL568139v1_random	0	9752924		0
	chrY_KL568140v1_random	0	1351663		0
	chrY_KL568141v1_random	0	2733323		0
	chrY_KL568142v1_random	0	332284		0
	chrY_KL568143v1_random	0	343819		0
	chrY_KL568144v1_random	0	209128		0
	chrY_KL568145v1_random	0	180016		0
	chrY_KL568146v1_random	0	122062		0
	chrY_KL568147v1_random	0	464092		0
	chrY_KL568148v1_random	0	6483517		0
	chrY_KL568149v1_random	0	3292674		0
	chrY_KL568150v1_random	0	866433		0
	chrY_KL568151v1_random	0	3931032		0
	chrY_KL568152v1_random	0	1069101		0
	chrY_KL568153v1_random	0	239643		0
	chrY_KL568154v1_random	0	215559		0
	chrY_KL568155v1_random	0	1365599		0
	chrY_KL568156v1_random	0	2193381		0
	chrY_KL568157v1_random	0	5447879		0
	chrY_KL568158v1_random	0	1284477		0
	chrY_KL568159v1_random	0	1977169		0
	chrY_KL568160v1_random	0	4317250		0
	chrY_KL568161v1_random	0	7627431		0
	chrY_KL568162v1_random	0	10937627		0
	chrY_KL568163v1_random	0	753291		0
	chrY_KL568164v1_random	0	1009277		0
	chrY_KL568165v1_random	0	398163		0
	chrY_KL568166v1_random	0	188438		0
