chr9	36833271	37034103	name:"PAX5",id:191528,strand:"-",struct:{thin:[[36833271,36840556],[37034028,37034103],],thick:[[36840556,36840633],[36846839,36846926],[36882000,36882102],[36923351,36923481],[36966545,36966721],[37002644,37002773],[37006469,37006534],[37014993,37015191],[37020632,37020798],[37033982,37034028],],},scorelst:[1,5]
chr9	36840168	37034038	name:"PAX5",id:191529,strand:"-",struct:{thin:[[36840168,36840633],[36846839,36846926],[36882000,36882015],[37034028,37034038],],thick:[[36882015,36882102],[36966545,36966721],[37002644,37002773],[37006469,37006534],[37014993,37015191],[37020632,37020798],[37033982,37034028],],},scorelst:[2,4]
chr9	36840168	37034038	name:"PAX5",id:191530,strand:"-",struct:{thin:[[36840168,36840556],[37034028,37034038],],thick:[[36840556,36840633],[36846839,36846926],[36923351,36923481],[36966545,36966721],[37002644,37002773],[37006469,37006534],[37014993,37015191],[37020632,37020798],[37033982,37034028],],},scorelst:[3,3]
chr9	36840168	37034038	name:"PAX5",id:191531,strand:"-",struct:{thin:[[36840168,36840556],[37034028,37034038],],thick:[[36840556,36840633],[36882000,36882102],[36923351,36923481],[36966545,36966721],[37002644,37002773],[37006469,37006534],[37014993,37015191],[37020632,37020798],[37033982,37034028],],},scorelst:[4,2]
chr9	36840168	37034038	name:"PAX5",id:191532,strand:"-",struct:{thin:[[36840168,36840525],[37034028,37034038],],thick:[[36840525,36840633],[36966545,36966721],[37002644,37002773],[37006469,37006534],[37014993,37015191],[37020632,37020798],[37033982,37034028],],},scorelst:[5,1]
chr9	36840168	37034038	name:"PAX5",id:191533,strand:"-",struct:{thin:[[36840168,36840525],[37034028,37034038],],thick:[[36840525,36840633],[36846839,36846926],[36966545,36966721],[37002644,37002773],[37006469,37006534],[37014993,37015191],[37020632,37020798],[37033982,37034028],],},scorelst:[1,4]
chr9	36840547	37034028	name:"PAX5",id:191534,strand:"-",struct:{thin:[[36840547,36840556],],thick:[[36840556,36840633],[36923351,36923481],[36966545,36966721],[37002644,37002773],[37006469,37006534],[37014993,37015191],[37020632,37020798],[37033982,37034028],],},scorelst:[1,3]
chr9	36840547	37034028	name:"PAX5",id:191535,strand:"-",struct:{thin:[[36840547,36840556],],thick:[[36840556,36840633],[36846839,36846926],[36882000,36882102],[36923351,36923481],[36966545,36966721],[37006469,37006534],[37014993,37015191],[37020632,37020798],[37033982,37034028],],},scorelst:[1,2]
chr9	36840547	37034028	name:"PAX5",id:191536,strand:"-",struct:{thin:[[36840547,36840556],],thick:[[36840556,36840633],[36846839,36846926],[36923351,36923481],[36966545,36966721],[37002644,37002773],[37006469,37006534],[37020632,37020798],[37033982,37034028],],},scorelst:[2,4]
chr9	36840547	37034028	name:"PAX5",id:191537,strand:"-",struct:{thin:[[36840547,36840556],],thick:[[36840556,36840633],[36882000,36882102],[36923351,36923481],[36966545,36966721],[37006469,37006534],[37014993,37015191],[37020632,37020798],[37033982,37034028],],},scorelst:[2,5]
chr9	36840547	37034028	name:"PAX5",id:191538,strand:"-",struct:{thin:[[36840547,36840556],[37015079,37015191],[37033982,37034028],],thick:[[36840556,36840633],[36846839,36846926],[36882000,36882102],[36923351,36923481],[36966545,36966721],[37002644,37002773],[37006469,37006534],[37014993,37015079],],},scorelst:[2,1]
chr9	36840547	37034028	name:"PAX5",id:191539,strand:"-",struct:{thin:[[36840547,36840556],[37015079,37015191],[37033982,37034028],],thick:[[36840556,36840633],[36923351,36923481],[36966545,36966721],[37002644,37002773],[37006469,37006534],[37014993,37015079],],},scorelst:[3,1]
chr9	36840547	37034028	name:"PAX5",id:191540,strand:"-",struct:{thin:[[36840547,36840633],[36846839,36846926],[36882000,36882015],],thick:[[36882015,36882102],[36930884,36930941],[36966545,36966721],[37002644,37002773],[37006469,37006534],[37014993,37015191],[37020632,37020798],[37033982,37034028],],},scorelst:[3,4]
chr9	36840554	37002672	name:"PAX5",id:191541,strand:"-",struct:{thin:[[36840554,36840556],],thick:[[36840556,36840633],[36846839,36846926],[36882000,36882102],[36923351,36923481],[36930884,36930941],[36966545,36966721],[37002644,37002672],],},scorelst:[3,5]
chr9	36840554	37002749	name:"PAX5",id:191542,strand:"-",struct:{thin:[[36840554,36840556],],thick:[[36840556,36840633],[37002644,37002749],],},scorelst:[4,3]
chr9	36922690	36966586	name:"PAX5",id:191546,strand:"-",struct:{thin:[[36922690,36923481],[36966545,36966586],],},scorelst:[2,5]
