	chrM	0	19524		0
	chrUn_CP007071v1	0	19956		0
	chrUn_CP007072v1	0	44411		0
	chrUn_CP007073v1	0	13157		0
	chrUn_CP007074v1	0	76224		0
	chrUn_CP007075v1	0	11983		0
	chrUn_CP007076v1	0	87365		0
	chrUn_CP007077v1	0	36913		0
	chrUn_CP007078v1	0	22604		0
	chrUn_CP007079v1	0	23238		0
	chrUn_CP007080v1	0	86267		0
	chrUn_CP007081v1	0	88768		0
	chrUn_CP007082v1	0	36482		0
	chrUn_CP007083v1	0	25537		0
	chrUn_CP007084v1	0	62570		0
	chrUn_CP007085v1	0	45120		0
	chrUn_CP007086v1	0	22882		0
	chrUn_CP007087v1	0	46986		0
	chrUn_CP007088v1	0	37106		0
	chrUn_CP007089v1	0	16157		0
	chrUn_CP007090v1	0	57785		0
	chrUn_CP007091v1	0	20763		0
	chrUn_CP007092v1	0	28305		0
	chrUn_CP007093v1	0	25698		0
	chrUn_CP007094v1	0	29583		0
	chrUn_CP007095v1	0	25560		0
	chrUn_CP007096v1	0	26115		0
	chrUn_CP007097v1	0	13455		0
	chrUn_CP007098v1	0	43383		0
	chrUn_CP007099v1	0	12632		0
	chrUn_CP007100v1	0	10091		0
	chrUn_CP007101v1	0	24503		0
	chrUn_CP007102v1	0	12714		0
	chrUn_CP007105v1	0	47411		0
	chrUn_CP007120v1	0	76973		0
	chrUn_DS483562v1	0	50625		0
	chrUn_DS483629v1	0	15417		0
	chrUn_DS483641v1	0	14503		0
	chrUn_DS483646v1	0	14098		0
	chrUn_DS483647v1	0	14028		0
	chrUn_DS483649v1	0	13935		0
	chrUn_DS483650v1	0	13906		0
	chrUn_DS483658v1	0	13455		0
	chrUn_DS483659v1	0	13416		0
	chrUn_DS483662v1	0	13317		0
	chrUn_DS483663v1	0	13256		0
	chrUn_DS483670v1	0	12827		0
	chrUn_DS483673v1	0	12654		0
	chrUn_DS483674v1	0	12632		0
	chrUn_DS483675v1	0	12536		0
	chrUn_DS483678v1	0	12424		0
	chrUn_DS483679v1	0	12424		0
	chrUn_DS483680v1	0	12399		0
	chrUn_DS483681v1	0	12368		0
	chrUn_DS483682v1	0	12354		0
	chrUn_DS483686v1	0	12148		0
	chrUn_DS483687v1	0	12142		0
	chrUn_DS483688v1	0	12095		0
	chrUn_DS483689v1	0	12034		0
	chrUn_DS483692v1	0	11985		0
	chrUn_DS483693v1	0	11958		0
	chrUn_DS483694v1	0	11951		0
	chrUn_DS483695v1	0	11743		0
	chrUn_DS483700v1	0	11430		0
	chrUn_DS483701v1	0	11220		0
	chrUn_DS483702v1	0	11148		0
	chrUn_DS483703v1	0	11126		0
	chrUn_DS483705v1	0	27456		0
	chrUn_DS483707v1	0	25840		0
	chrUn_DS483709v1	0	18299		0
	chrUn_DS483711v1	0	14687		0
	chrUn_DS483712v1	0	14199		0
	chrUn_DS483719v1	0	12027		0
	chrUn_DS483723v1	0	21074		0
	chrUn_DS483724v1	0	13501		0
	chrUn_DS483726v1	0	14983		0
	chrUn_DS483728v1	0	12681		0
	chrUn_DS483734v1	0	15522		0
	chrUn_DS483735v1	0	15068		0
	chrUn_DS483736v1	0	14006		0
	chrUn_DS483737v1	0	13553		0
	chrUn_DS483738v1	0	12856		0
	chrUn_DS483739v1	0	12459		0
	chrUn_DS483740v1	0	12002		0
	chrUn_DS483741v1	0	11807		0
	chrUn_DS483743v1	0	11569		0
	chrUn_DS483744v1	0	9865		0
	chrUn_DS483746v1	0	9341		0
	chrUn_DS483748v1	0	8346		0
	chrUn_DS483749v1	0	8007		0
	chrUn_DS483750v1	0	7722		0
	chrUn_DS483751v1	0	7314		0
	chrUn_DS483753v1	0	7123		0
	chrUn_DS483754v1	0	7003		0
	chrUn_DS483755v1	0	6936		0
	chrUn_DS483757v1	0	6900		0
	chrUn_DS483758v1	0	6860		0
	chrUn_DS483759v1	0	6860		0
	chrUn_DS483760v1	0	6825		0
	chrUn_DS483762v1	0	6698		0
	chrUn_DS483763v1	0	6546		0
	chrUn_DS483767v1	0	6396		0
	chrUn_DS483768v1	0	6294		0
	chrUn_DS483769v1	0	6237		0
	chrUn_DS483770v1	0	6193		0
	chrUn_DS483772v1	0	6076		0
	chrUn_DS483773v1	0	6062		0
	chrUn_DS483774v1	0	6041		0
	chrUn_DS483776v1	0	6000		0
	chrUn_DS483780v1	0	5968		0
	chrUn_DS483781v1	0	5952		0
	chrUn_DS483782v1	0	5915		0
	chrUn_DS483783v1	0	5891		0
	chrUn_DS483785v1	0	5772		0
	chrUn_DS483787v1	0	5698		0
	chrUn_DS483792v1	0	5465		0
	chrUn_DS483793v1	0	5463		0
	chrUn_DS483796v1	0	5383		0
	chrUn_DS483797v1	0	5360		0
	chrUn_DS483798v1	0	5324		0
	chrUn_DS483799v1	0	5323		0
	chrUn_DS483800v1	0	5316		0
	chrUn_DS483801v1	0	5281		0
	chrUn_DS483804v1	0	5189		0
	chrUn_DS483805v1	0	5182		0
	chrUn_DS483806v1	0	5098		0
	chrUn_DS483807v1	0	5061		0
	chrUn_DS483808v1	0	5060		0
	chrUn_DS483810v1	0	5026		0
	chrUn_DS483811v1	0	5000		0
	chrUn_DS483812v1	0	4996		0
	chrUn_DS483813v1	0	4994		0
	chrUn_DS483814v1	0	4986		0
	chrUn_DS483815v1	0	4967		0
	chrUn_DS483816v1	0	4939		0
	chrUn_DS483817v1	0	4933		0
	chrUn_DS483819v1	0	4903		0
	chrUn_DS483820v1	0	4888		0
	chrUn_DS483822v1	0	4865		0
	chrUn_DS483824v1	0	4820		0
	chrUn_DS483825v1	0	4815		0
	chrUn_DS483828v1	0	4785		0
	chrUn_DS483832v1	0	4705		0
	chrUn_DS483833v1	0	4701		0
	chrUn_DS483837v1	0	4608		0
	chrUn_DS483839v1	0	4581		0
	chrUn_DS483840v1	0	4573		0
	chrUn_DS483841v1	0	4553		0
	chrUn_DS483844v1	0	4471		0
	chrUn_DS483845v1	0	4465		0
	chrUn_DS483846v1	0	4452		0
	chrUn_DS483848v1	0	4436		0
	chrUn_DS483849v1	0	4400		0
	chrUn_DS483853v1	0	4381		0
	chrUn_DS483854v1	0	4378		0
	chrUn_DS483855v1	0	4377		0
	chrUn_DS483856v1	0	4370		0
	chrUn_DS483858v1	0	4361		0
	chrUn_DS483859v1	0	4336		0
	chrUn_DS483861v1	0	4310		0
	chrUn_DS483862v1	0	4310		0
	chrUn_DS483863v1	0	4305		0
	chrUn_DS483864v1	0	4295		0
	chrUn_DS483865v1	0	4289		0
	chrUn_DS483866v1	0	4273		0
	chrUn_DS483867v1	0	4272		0
	chrUn_DS483868v1	0	4256		0
	chrUn_DS483870v1	0	4231		0
	chrUn_DS483871v1	0	4225		0
	chrUn_DS483872v1	0	4222		0
	chrUn_DS483873v1	0	4222		0
	chrUn_DS483874v1	0	4202		0
	chrUn_DS483876v1	0	4188		0
	chrUn_DS483877v1	0	4183		0
	chrUn_DS483878v1	0	4182		0
	chrUn_DS483879v1	0	4163		0
	chrUn_DS483880v1	0	4150		0
	chrUn_DS483881v1	0	4135		0
	chrUn_DS483886v1	0	4081		0
	chrUn_DS483891v1	0	4030		0
	chrUn_DS483895v1	0	4006		0
	chrUn_DS483896v1	0	3991		0
	chrUn_DS483898v1	0	3970		0
	chrUn_DS483899v1	0	3964		0
	chrUn_DS483900v1	0	3960		0
	chrUn_DS483901v1	0	3950		0
	chrUn_DS483904v1	0	3932		0
	chrUn_DS483906v1	0	3924		0
	chrUn_DS483908v1	0	3913		0
	chrUn_DS483910v1	0	3906		0
	chrUn_DS483913v1	0	3871		0
	chrUn_DS483914v1	0	3864		0
	chrUn_DS483915v1	0	3858		0
	chrUn_DS483918v1	0	3818		0
	chrUn_DS483919v1	0	3807		0
	chrUn_DS483920v1	0	3806		0
	chrUn_DS483921v1	0	3806		0
	chrUn_DS483925v1	0	3755		0
	chrUn_DS483927v1	0	3737		0
	chrUn_DS483929v1	0	3717		0
	chrUn_DS483930v1	0	3716		0
	chrUn_DS483933v1	0	3708		0
	chrUn_DS483936v1	0	3681		0
	chrUn_DS483937v1	0	3660		0
	chrUn_DS483938v1	0	3650		0
	chrUn_DS483939v1	0	3649		0
	chrUn_DS483940v1	0	3648		0
	chrUn_DS483941v1	0	3646		0
	chrUn_DS483943v1	0	3638		0
	chrUn_DS483944v1	0	3622		0
	chrUn_DS483945v1	0	3622		0
	chrUn_DS483947v1	0	3603		0
	chrUn_DS483949v1	0	3593		0
	chrUn_DS483951v1	0	3574		0
	chrUn_DS483953v1	0	3557		0
	chrUn_DS483954v1	0	3554		0
	chrUn_DS483956v1	0	3553		0
	chrUn_DS483957v1	0	3553		0
	chrUn_DS483960v1	0	3527		0
	chrUn_DS483961v1	0	3527		0
	chrUn_DS483964v1	0	3519		0
	chrUn_DS483965v1	0	3503		0
	chrUn_DS483970v1	0	3490		0
	chrUn_DS483972v1	0	3477		0
	chrUn_DS483975v1	0	3466		0
	chrUn_DS483976v1	0	3463		0
	chrUn_DS483977v1	0	3458		0
	chrUn_DS483979v1	0	3434		0
	chrUn_DS483982v1	0	3402		0
	chrUn_DS483983v1	0	3396		0
	chrUn_DS483985v1	0	3389		0
	chrUn_DS483986v1	0	3386		0
	chrUn_DS483989v1	0	3373		0
	chrUn_DS483992v1	0	3365		0
	chrUn_DS483994v1	0	3348		0
	chrUn_DS483998v1	0	3313		0
	chrUn_DS483999v1	0	3308		0
	chrUn_DS484000v1	0	3302		0
	chrUn_DS484001v1	0	3299		0
	chrUn_DS484003v1	0	3284		0
	chrUn_DS484004v1	0	3277		0
	chrUn_DS484006v1	0	3268		0
	chrUn_DS484007v1	0	3262		0
	chrUn_DS484009v1	0	3259		0
	chrUn_DS484010v1	0	3259		0
	chrUn_DS484013v1	0	3252		0
	chrUn_DS484015v1	0	3234		0
	chrUn_DS484017v1	0	3227		0
	chrUn_DS484018v1	0	3223		0
	chrUn_DS484020v1	0	3218		0
	chrUn_DS484022v1	0	3209		0
	chrUn_DS484025v1	0	3201		0
	chrUn_DS484027v1	0	3197		0
	chrUn_DS484028v1	0	3196		0
	chrUn_DS484031v1	0	3190		0
	chrUn_DS484036v1	0	3174		0
	chrUn_DS484038v1	0	3171		0
	chrUn_DS484039v1	0	3162		0
	chrUn_DS484040v1	0	3159		0
	chrUn_DS484041v1	0	3157		0
	chrUn_DS484042v1	0	3156		0
	chrUn_DS484044v1	0	3144		0
	chrUn_DS484045v1	0	3129		0
	chrUn_DS484047v1	0	3123		0
	chrUn_DS484048v1	0	3120		0
	chrUn_DS484050v1	0	3100		0
	chrUn_DS484052v1	0	3089		0
	chrUn_DS484053v1	0	3085		0
	chrUn_DS484054v1	0	3080		0
	chrUn_DS484055v1	0	3080		0
	chrUn_DS484058v1	0	3073		0
	chrUn_DS484059v1	0	3073		0
	chrUn_DS484062v1	0	3058		0
	chrUn_DS484064v1	0	3044		0
	chrUn_DS484065v1	0	3043		0
	chrUn_DS484066v1	0	3025		0
	chrUn_DS484068v1	0	3013		0
	chrUn_DS484069v1	0	3010		0
	chrUn_DS484070v1	0	3009		0
	chrUn_DS484073v1	0	2999		0
	chrUn_DS484076v1	0	2991		0
	chrUn_DS484077v1	0	2984		0
	chrUn_DS484078v1	0	2982		0
	chrUn_DS484079v1	0	2982		0
	chrUn_DS484080v1	0	2971		0
	chrUn_DS484083v1	0	2957		0
	chrUn_DS484086v1	0	2943		0
	chrUn_DS484087v1	0	2937		0
	chrUn_DS484089v1	0	2928		0
	chrUn_DS484090v1	0	2927		0
	chrUn_DS484091v1	0	2926		0
	chrUn_DS484092v1	0	2924		0
	chrUn_DS484093v1	0	2922		0
	chrUn_DS484095v1	0	2919		0
	chrUn_DS484096v1	0	2916		0
	chrUn_DS484097v1	0	2914		0
	chrUn_DS484098v1	0	2911		0
	chrUn_DS484100v1	0	2905		0
	chrUn_DS484102v1	0	2903		0
	chrUn_DS484104v1	0	2893		0
	chrUn_DS484105v1	0	2889		0
	chrUn_DS484106v1	0	2884		0
	chrUn_DS484107v1	0	2882		0
	chrUn_DS484108v1	0	2882		0
	chrUn_DS484109v1	0	2882		0
	chrUn_DS484111v1	0	2881		0
	chrUn_DS484113v1	0	2876		0
	chrUn_DS484116v1	0	2860		0
	chrUn_DS484117v1	0	2860		0
	chrUn_DS484118v1	0	2858		0
	chrUn_DS484120v1	0	2855		0
	chrUn_DS484122v1	0	2849		0
	chrUn_DS484123v1	0	2848		0
	chrUn_DS484134v1	0	2828		0
	chrUn_DS484138v1	0	2822		0
	chrUn_DS484139v1	0	2820		0
	chrUn_DS484144v1	0	2811		0
	chrUn_DS484145v1	0	2804		0
	chrUn_DS484147v1	0	2796		0
	chrUn_DS484148v1	0	2795		0
	chrUn_DS484149v1	0	2795		0
	chrUn_DS484151v1	0	2794		0
	chrUn_DS484152v1	0	2793		0
	chrUn_DS484153v1	0	2793		0
	chrUn_DS484154v1	0	2791		0
	chrUn_DS484155v1	0	2790		0
	chrUn_DS484156v1	0	2788		0
	chrUn_DS484157v1	0	2787		0
	chrUn_DS484159v1	0	2784		0
	chrUn_DS484160v1	0	2783		0
	chrUn_DS484167v1	0	2745		0
	chrUn_DS484168v1	0	2744		0
	chrUn_DS484169v1	0	2736		0
	chrUn_DS484170v1	0	2733		0
	chrUn_DS484176v1	0	2708		0
	chrUn_DS484177v1	0	2703		0
	chrUn_DS484180v1	0	2697		0
	chrUn_DS484183v1	0	2688		0
	chrUn_DS484188v1	0	2670		0
	chrUn_DS484189v1	0	2669		0
	chrUn_DS484190v1	0	2668		0
	chrUn_DS484191v1	0	2665		0
	chrUn_DS484192v1	0	2664		0
	chrUn_DS484193v1	0	2647		0
	chrUn_DS484196v1	0	2644		0
	chrUn_DS484202v1	0	2636		0
	chrUn_DS484205v1	0	2629		0
	chrUn_DS484206v1	0	2628		0
	chrUn_DS484207v1	0	2626		0
	chrUn_DS484209v1	0	2618		0
	chrUn_DS484210v1	0	2617		0
	chrUn_DS484212v1	0	2612		0
	chrUn_DS484213v1	0	2611		0
	chrUn_DS484217v1	0	2603		0
	chrUn_DS484220v1	0	2588		0
	chrUn_DS484221v1	0	2584		0
	chrUn_DS484222v1	0	2583		0
	chrUn_DS484224v1	0	2577		0
	chrUn_DS484225v1	0	2577		0
	chrUn_DS484226v1	0	2576		0
	chrUn_DS484228v1	0	2575		0
	chrUn_DS484229v1	0	2575		0
	chrUn_DS484230v1	0	2575		0
	chrUn_DS484231v1	0	2574		0
	chrUn_DS484232v1	0	2570		0
	chrUn_DS484234v1	0	2561		0
	chrUn_DS484236v1	0	2556		0
	chrUn_DS484238v1	0	2555		0
	chrUn_DS484239v1	0	2549		0
	chrUn_DS484241v1	0	2547		0
	chrUn_DS484242v1	0	2541		0
	chrUn_DS484243v1	0	2541		0
	chrUn_DS484244v1	0	2536		0
	chrUn_DS484246v1	0	2529		0
	chrUn_DS484247v1	0	2529		0
	chrUn_DS484251v1	0	2521		0
	chrUn_DS484253v1	0	2520		0
	chrUn_DS484254v1	0	2517		0
	chrUn_DS484255v1	0	2516		0
	chrUn_DS484256v1	0	2511		0
	chrUn_DS484257v1	0	2511		0
	chrUn_DS484258v1	0	2510		0
	chrUn_DS484262v1	0	2491		0
	chrUn_DS484263v1	0	2487		0
	chrUn_DS484264v1	0	2479		0
	chrUn_DS484267v1	0	2476		0
	chrUn_DS484271v1	0	2470		0
	chrUn_DS484274v1	0	2462		0
	chrUn_DS484275v1	0	2451		0
	chrUn_DS484276v1	0	2447		0
	chrUn_DS484277v1	0	2442		0
	chrUn_DS484279v1	0	2438		0
	chrUn_DS484280v1	0	2438		0
	chrUn_DS484281v1	0	2438		0
	chrUn_DS484282v1	0	2435		0
	chrUn_DS484283v1	0	2434		0
	chrUn_DS484285v1	0	2431		0
	chrUn_DS484286v1	0	2429		0
	chrUn_DS484287v1	0	2428		0
	chrUn_DS484289v1	0	2425		0
	chrUn_DS484291v1	0	2421		0
	chrUn_DS484292v1	0	2421		0
	chrUn_DS484294v1	0	2419		0
	chrUn_DS484296v1	0	2417		0
	chrUn_DS484300v1	0	2400		0
	chrUn_DS484301v1	0	2394		0
	chrUn_DS484303v1	0	2390		0
	chrUn_DS484304v1	0	2390		0
	chrUn_DS484306v1	0	2385		0
	chrUn_DS484307v1	0	2385		0
	chrUn_DS484308v1	0	2385		0
	chrUn_DS484309v1	0	2384		0
	chrUn_DS484310v1	0	2383		0
	chrUn_DS484311v1	0	2383		0
	chrUn_DS484312v1	0	2382		0
	chrUn_DS484313v1	0	2381		0
	chrUn_DS484314v1	0	2381		0
	chrUn_DS484315v1	0	2379		0
	chrUn_DS484317v1	0	2378		0
	chrUn_DS484318v1	0	2375		0
	chrUn_DS484320v1	0	2369		0
	chrUn_DS484321v1	0	2368		0
	chrUn_DS484329v1	0	2354		0
	chrUn_DS484331v1	0	2352		0
	chrUn_DS484333v1	0	2344		0
	chrUn_DS484335v1	0	2342		0
	chrUn_DS484339v1	0	2330		0
	chrUn_DS484340v1	0	2328		0
	chrUn_DS484342v1	0	2326		0
	chrUn_DS484343v1	0	2325		0
	chrUn_DS484348v1	0	2308		0
	chrUn_DS484350v1	0	2304		0
	chrUn_DS484353v1	0	2295		0
	chrUn_DS484355v1	0	2291		0
	chrUn_DS484363v1	0	2270		0
	chrUn_DS484366v1	0	2266		0
	chrUn_DS484369v1	0	2253		0
	chrUn_DS484370v1	0	2248		0
	chrUn_DS484375v1	0	2234		0
	chrUn_DS484378v1	0	2232		0
	chrUn_DS484380v1	0	2227		0
	chrUn_DS484383v1	0	2221		0
	chrUn_DS484385v1	0	2217		0
	chrUn_DS484386v1	0	2216		0
	chrUn_DS484389v1	0	2207		0
	chrUn_DS484391v1	0	2205		0
	chrUn_DS484394v1	0	2200		0
	chrUn_DS484395v1	0	2198		0
	chrUn_DS484396v1	0	2198		0
	chrUn_DS484400v1	0	2190		0
	chrUn_DS484403v1	0	2187		0
	chrUn_DS484404v1	0	2185		0
	chrUn_DS484407v1	0	2176		0
	chrUn_DS484408v1	0	2173		0
	chrUn_DS484412v1	0	2161		0
	chrUn_DS484414v1	0	2157		0
	chrUn_DS484421v1	0	2129		0
	chrUn_DS484424v1	0	2124		0
	chrUn_DS484425v1	0	2124		0
	chrUn_DS484426v1	0	2119		0
	chrUn_DS484427v1	0	2117		0
	chrUn_DS484432v1	0	2112		0
	chrUn_DS484434v1	0	2108		0
	chrUn_DS484435v1	0	2105		0
	chrUn_DS484436v1	0	2105		0
	chrUn_DS484437v1	0	2103		0
	chrUn_DS484438v1	0	2102		0
	chrUn_DS484443v1	0	2094		0
	chrUn_DS484445v1	0	2092		0
	chrUn_DS484446v1	0	2090		0
	chrUn_DS484448v1	0	2088		0
	chrUn_DS484449v1	0	2087		0
	chrUn_DS484452v1	0	2086		0
	chrUn_DS484454v1	0	2084		0
	chrUn_DS484456v1	0	2081		0
	chrUn_DS484458v1	0	2079		0
	chrUn_DS484460v1	0	2076		0
	chrUn_DS484463v1	0	2064		0
	chrUn_DS484464v1	0	2063		0
	chrUn_DS484466v1	0	2062		0
	chrUn_DS484467v1	0	2060		0
	chrUn_DS484469v1	0	2060		0
	chrUn_DS484470v1	0	2059		0
	chrUn_DS484471v1	0	2050		0
	chrUn_DS484472v1	0	2046		0
	chrUn_DS484475v1	0	2043		0
	chrUn_DS484478v1	0	2033		0
	chrUn_DS484479v1	0	2033		0
	chrUn_DS484480v1	0	2030		0
	chrUn_DS484481v1	0	2027		0
	chrUn_DS484484v1	0	2020		0
	chrUn_DS484485v1	0	2017		0
	chrUn_DS484486v1	0	2014		0
	chrUn_DS484487v1	0	2010		0
	chrUn_DS484489v1	0	2008		0
	chrUn_DS484490v1	0	2006		0
	chrUn_DS484491v1	0	2006		0
	chrUn_DS484493v1	0	2005		0
	chrUn_DS484496v1	0	1998		0
	chrUn_DS484498v1	0	1998		0
	chrUn_DS484499v1	0	1995		0
	chrUn_DS484501v1	0	1990		0
	chrUn_DS484502v1	0	1990		0
	chrUn_DS484503v1	0	1988		0
	chrUn_DS484505v1	0	1986		0
	chrUn_DS484508v1	0	1976		0
	chrUn_DS484509v1	0	1976		0
	chrUn_DS484510v1	0	1975		0
	chrUn_DS484511v1	0	1974		0
	chrUn_DS484513v1	0	1966		0
	chrUn_DS484514v1	0	1966		0
	chrUn_DS484515v1	0	1966		0
	chrUn_DS484520v1	0	1962		0
	chrUn_DS484521v1	0	1962		0
	chrUn_DS484522v1	0	1962		0
	chrUn_DS484524v1	0	1961		0
	chrUn_DS484525v1	0	1961		0
	chrUn_DS484527v1	0	1956		0
	chrUn_DS484528v1	0	1947		0
	chrUn_DS484532v1	0	1945		0
	chrUn_DS484534v1	0	1943		0
	chrUn_DS484539v1	0	1936		0
	chrUn_DS484542v1	0	1933		0
	chrUn_DS484543v1	0	1931		0
	chrUn_DS484544v1	0	1929		0
	chrUn_DS484546v1	0	1928		0
	chrUn_DS484548v1	0	1926		0
	chrUn_DS484549v1	0	1926		0
	chrUn_DS484550v1	0	1924		0
	chrUn_DS484553v1	0	1917		0
	chrUn_DS484557v1	0	1907		0
	chrUn_DS484559v1	0	1905		0
	chrUn_DS484561v1	0	1903		0
	chrUn_DS484565v1	0	1901		0
	chrUn_DS484566v1	0	1900		0
	chrUn_DS484567v1	0	1900		0
	chrUn_DS484571v1	0	1893		0
	chrUn_DS484573v1	0	1890		0
	chrUn_DS484577v1	0	1882		0
	chrUn_DS484578v1	0	1872		0
	chrUn_DS484579v1	0	1872		0
	chrUn_DS484581v1	0	1870		0
	chrUn_DS484584v1	0	1869		0
	chrUn_DS484588v1	0	1863		0
	chrUn_DS484591v1	0	1854		0
	chrUn_DS484592v1	0	1851		0
	chrUn_DS484593v1	0	1849		0
	chrUn_DS484595v1	0	1843		0
	chrUn_DS484601v1	0	1832		0
	chrUn_DS484602v1	0	1832		0
	chrUn_DS484606v1	0	1826		0
	chrUn_DS484607v1	0	1819		0
	chrUn_DS484614v1	0	1806		0
	chrUn_DS484616v1	0	1802		0
	chrUn_DS484617v1	0	1801		0
	chrUn_DS484619v1	0	1800		0
	chrUn_DS484621v1	0	1797		0
	chrUn_DS484629v1	0	1785		0
	chrUn_DS484630v1	0	1776		0
	chrUn_DS484632v1	0	1775		0
	chrUn_DS484635v1	0	1770		0
	chrUn_DS484639v1	0	1761		0
	chrUn_DS484642v1	0	1754		0
	chrUn_DS484646v1	0	1747		0
	chrUn_DS484649v1	0	1738		0
	chrUn_DS484651v1	0	1734		0
	chrUn_DS484652v1	0	1733		0
	chrUn_DS484653v1	0	1732		0
	chrUn_DS484654v1	0	1728		0
	chrUn_DS484656v1	0	1724		0
	chrUn_DS484658v1	0	1719		0
	chrUn_DS484659v1	0	1719		0
	chrUn_DS484661v1	0	1716		0
	chrUn_DS484662v1	0	1715		0
	chrUn_DS484663v1	0	1714		0
	chrUn_DS484667v1	0	1710		0
	chrUn_DS484671v1	0	1703		0
	chrUn_DS484673v1	0	1696		0
	chrUn_DS484678v1	0	1685		0
	chrUn_DS484685v1	0	1675		0
	chrUn_DS484686v1	0	1667		0
	chrUn_DS484689v1	0	1650		0
	chrUn_DS484692v1	0	1643		0
	chrUn_DS484693v1	0	1641		0
	chrUn_DS484699v1	0	1629		0
	chrUn_DS484700v1	0	1625		0
	chrUn_DS484707v1	0	1614		0
	chrUn_DS484709v1	0	1611		0
	chrUn_DS484710v1	0	1610		0
	chrUn_DS484712v1	0	1610		0
	chrUn_DS484713v1	0	1608		0
	chrUn_DS484714v1	0	1597		0
	chrUn_DS484716v1	0	1594		0
	chrUn_DS484718v1	0	1586		0
	chrUn_DS484720v1	0	1586		0
	chrUn_DS484721v1	0	1581		0
	chrUn_DS484722v1	0	1577		0
	chrUn_DS484726v1	0	1571		0
	chrUn_DS484727v1	0	1567		0
	chrUn_DS484728v1	0	1566		0
	chrUn_DS484729v1	0	1560		0
	chrUn_DS484734v1	0	1555		0
	chrUn_DS484735v1	0	1553		0
	chrUn_DS484736v1	0	1552		0
	chrUn_DS484738v1	0	1550		0
	chrUn_DS484739v1	0	1549		0
	chrUn_DS484742v1	0	1543		0
	chrUn_DS484746v1	0	1540		0
	chrUn_DS484748v1	0	1538		0
	chrUn_DS484750v1	0	1533		0
	chrUn_DS484751v1	0	1533		0
	chrUn_DS484752v1	0	1532		0
	chrUn_DS484754v1	0	1527		0
	chrUn_DS484756v1	0	1525		0
	chrUn_DS484760v1	0	1521		0
	chrUn_DS484762v1	0	1520		0
	chrUn_DS484764v1	0	1518		0
	chrUn_DS484769v1	0	1508		0
	chrUn_DS484770v1	0	1504		0
	chrUn_DS484771v1	0	1504		0
	chrUn_DS484772v1	0	1502		0
	chrUn_DS484773v1	0	1494		0
	chrUn_DS484774v1	0	1492		0
	chrUn_DS484776v1	0	1490		0
	chrUn_DS484779v1	0	1487		0
	chrUn_DS484780v1	0	1487		0
	chrUn_DS484782v1	0	1484		0
	chrUn_DS484787v1	0	1475		0
	chrUn_DS484789v1	0	1473		0
	chrUn_DS484792v1	0	1471		0
	chrUn_DS484796v1	0	1468		0
	chrUn_DS484797v1	0	1467		0
	chrUn_DS484798v1	0	1466		0
	chrUn_DS484799v1	0	1464		0
	chrUn_DS484802v1	0	1462		0
	chrUn_DS484804v1	0	1461		0
	chrUn_DS484806v1	0	1458		0
	chrUn_DS484812v1	0	1451		0
	chrUn_DS484815v1	0	1446		0
	chrUn_DS484816v1	0	1446		0
	chrUn_DS484817v1	0	1445		0
	chrUn_DS484822v1	0	1436		0
	chrUn_DS484825v1	0	1432		0
	chrUn_DS484827v1	0	1432		0
	chrUn_DS484828v1	0	1430		0
	chrUn_DS484831v1	0	1429		0
	chrUn_DS484834v1	0	1424		0
	chrUn_DS484836v1	0	1424		0
	chrUn_DS484838v1	0	1422		0
	chrUn_DS484841v1	0	1416		0
	chrUn_DS484842v1	0	1416		0
	chrUn_DS484843v1	0	1416		0
	chrUn_DS484844v1	0	1415		0
	chrUn_DS484846v1	0	1412		0
	chrUn_DS484847v1	0	1411		0
	chrUn_DS484848v1	0	1410		0
	chrUn_DS484851v1	0	1408		0
	chrUn_DS484852v1	0	1407		0
	chrUn_DS484853v1	0	1406		0
	chrUn_DS484855v1	0	1404		0
	chrUn_DS484861v1	0	1395		0
	chrUn_DS484862v1	0	1394		0
	chrUn_DS484865v1	0	1391		0
	chrUn_DS484866v1	0	1391		0
	chrUn_DS484869v1	0	1391		0
	chrUn_DS484870v1	0	1386		0
	chrUn_DS484872v1	0	1385		0
	chrUn_DS484874v1	0	1384		0
	chrUn_DS484878v1	0	1381		0
	chrUn_DS484881v1	0	1380		0
	chrUn_DS484882v1	0	1379		0
	chrUn_DS484884v1	0	1378		0
	chrUn_DS484886v1	0	1377		0
	chrUn_DS484887v1	0	1377		0
	chrUn_DS484888v1	0	1377		0
	chrUn_DS484889v1	0	1377		0
	chrUn_DS484894v1	0	1375		0
	chrUn_DS484895v1	0	1374		0
	chrUn_DS484896v1	0	1374		0
	chrUn_DS484897v1	0	1373		0
	chrUn_DS484898v1	0	1371		0
	chrUn_DS484899v1	0	1369		0
	chrUn_DS484901v1	0	1368		0
	chrUn_DS484904v1	0	1366		0
	chrUn_DS484910v1	0	1356		0
	chrUn_DS484916v1	0	1352		0
	chrUn_DS484917v1	0	1351		0
	chrUn_DS484919v1	0	1347		0
	chrUn_DS484920v1	0	1347		0
	chrUn_DS484921v1	0	1346		0
	chrUn_DS484922v1	0	1344		0
	chrUn_DS484923v1	0	1343		0
	chrUn_DS484926v1	0	1340		0
	chrUn_DS484927v1	0	1340		0
	chrUn_DS484929v1	0	1339		0
	chrUn_DS484930v1	0	1339		0
	chrUn_DS484932v1	0	1337		0
	chrUn_DS484933v1	0	1337		0
	chrUn_DS484938v1	0	1334		0
	chrUn_DS484940v1	0	1333		0
	chrUn_DS484941v1	0	1333		0
	chrUn_DS484943v1	0	1332		0
	chrUn_DS484944v1	0	1330		0
	chrUn_DS484948v1	0	1328		0
	chrUn_DS484954v1	0	1323		0
	chrUn_DS484960v1	0	1316		0
	chrUn_DS484962v1	0	1315		0
	chrUn_DS484964v1	0	1315		0
	chrUn_DS484967v1	0	1311		0
	chrUn_DS484972v1	0	1310		0
	chrUn_DS484976v1	0	1308		0
	chrUn_DS484979v1	0	1304		0
	chrUn_DS484982v1	0	1304		0
	chrUn_DS484984v1	0	1304		0
	chrUn_DS484985v1	0	1303		0
	chrUn_DS484987v1	0	1302		0
	chrUn_DS484988v1	0	1301		0
	chrUn_DS484991v1	0	1299		0
	chrUn_DS484993v1	0	1297		0
	chrUn_DS484998v1	0	1294		0
	chrUn_DS484999v1	0	1294		0
	chrUn_DS485000v1	0	1293		0
	chrUn_DS485002v1	0	1291		0
	chrUn_DS485004v1	0	1290		0
	chrUn_DS485005v1	0	1289		0
	chrUn_DS485007v1	0	1287		0
	chrUn_DS485010v1	0	1286		0
	chrUn_DS485011v1	0	1285		0
	chrUn_DS485019v1	0	1280		0
	chrUn_DS485020v1	0	1280		0
	chrUn_DS485022v1	0	1279		0
	chrUn_DS485024v1	0	1278		0
	chrUn_DS485025v1	0	1278		0
	chrUn_DS485026v1	0	1278		0
	chrUn_DS485027v1	0	1277		0
	chrUn_DS485029v1	0	1277		0
	chrUn_DS485030v1	0	1276		0
	chrUn_DS485031v1	0	1275		0
	chrUn_DS485032v1	0	1275		0
	chrUn_DS485035v1	0	1274		0
	chrUn_DS485036v1	0	1274		0
	chrUn_DS485038v1	0	1272		0
	chrUn_DS485041v1	0	1271		0
	chrUn_DS485045v1	0	1271		0
	chrUn_DS485046v1	0	1270		0
	chrUn_DS485047v1	0	1270		0
	chrUn_DS485053v1	0	1266		0
	chrUn_DS485055v1	0	1264		0
	chrUn_DS485056v1	0	1263		0
	chrUn_DS485058v1	0	1263		0
	chrUn_DS485059v1	0	1263		0
	chrUn_DS485062v1	0	1262		0
	chrUn_DS485064v1	0	1262		0
	chrUn_DS485065v1	0	1262		0
	chrUn_DS485066v1	0	1261		0
	chrUn_DS485067v1	0	1261		0
	chrUn_DS485068v1	0	1260		0
	chrUn_DS485071v1	0	1260		0
	chrUn_DS485073v1	0	1259		0
	chrUn_DS485076v1	0	1258		0
	chrUn_DS485079v1	0	1253		0
	chrUn_DS485082v1	0	1251		0
	chrUn_DS485083v1	0	1251		0
	chrUn_DS485085v1	0	1251		0
	chrUn_DS485086v1	0	1250		0
	chrUn_DS485087v1	0	1249		0
	chrUn_DS485088v1	0	1248		0
	chrUn_DS485089v1	0	1247		0
	chrUn_DS485091v1	0	1246		0
	chrUn_DS485092v1	0	1246		0
	chrUn_DS485098v1	0	1242		0
	chrUn_DS485100v1	0	1241		0
	chrUn_DS485102v1	0	1240		0
	chrUn_DS485105v1	0	1240		0
	chrUn_DS485107v1	0	1239		0
	chrUn_DS485117v1	0	1236		0
	chrUn_DS485118v1	0	1235		0
	chrUn_DS485122v1	0	1234		0
	chrUn_DS485123v1	0	1234		0
	chrUn_DS485125v1	0	1234		0
	chrUn_DS485127v1	0	1233		0
	chrUn_DS485130v1	0	1232		0
	chrUn_DS485132v1	0	1231		0
	chrUn_DS485133v1	0	1231		0
	chrUn_DS485134v1	0	1231		0
	chrUn_DS485136v1	0	1231		0
	chrUn_DS485138v1	0	1229		0
	chrUn_DS485140v1	0	1229		0
	chrUn_DS485144v1	0	1227		0
	chrUn_DS485146v1	0	1227		0
	chrUn_DS485148v1	0	1227		0
	chrUn_DS485149v1	0	1226		0
	chrUn_DS485150v1	0	1226		0
	chrUn_DS485151v1	0	1226		0
	chrUn_DS485152v1	0	1225		0
	chrUn_DS485153v1	0	1225		0
	chrUn_DS485154v1	0	1225		0
	chrUn_DS485155v1	0	1225		0
	chrUn_DS485156v1	0	1225		0
	chrUn_DS485157v1	0	1225		0
	chrUn_DS485160v1	0	1224		0
	chrUn_DS485161v1	0	1224		0
	chrUn_DS485162v1	0	1223		0
	chrUn_DS485163v1	0	1223		0
	chrUn_DS485165v1	0	1222		0
	chrUn_DS485169v1	0	1220		0
	chrUn_DS485173v1	0	1219		0
	chrUn_DS485174v1	0	1219		0
	chrUn_DS485176v1	0	1219		0
	chrUn_DS485177v1	0	1218		0
	chrUn_DS485181v1	0	1214		0
	chrUn_DS485182v1	0	1213		0
	chrUn_DS485184v1	0	1212		0
	chrUn_DS485190v1	0	1211		0
	chrUn_DS485192v1	0	1210		0
	chrUn_DS485194v1	0	1209		0
	chrUn_DS485198v1	0	1209		0
	chrUn_DS485199v1	0	1208		0
	chrUn_DS485200v1	0	1208		0
	chrUn_DS485203v1	0	1208		0
	chrUn_DS485204v1	0	1207		0
	chrUn_DS485205v1	0	1206		0
	chrUn_DS485208v1	0	1205		0
	chrUn_DS485209v1	0	1205		0
	chrUn_DS485211v1	0	1205		0
	chrUn_DS485215v1	0	1203		0
	chrUn_DS485216v1	0	1203		0
	chrUn_DS485218v1	0	1203		0
	chrUn_DS485220v1	0	1202		0
	chrUn_DS485221v1	0	1201		0
	chrUn_DS485223v1	0	1200		0
	chrUn_DS485224v1	0	1200		0
	chrUn_DS485226v1	0	1199		0
	chrUn_DS485227v1	0	1199		0
	chrUn_DS485228v1	0	1198		0
	chrUn_DS485229v1	0	1198		0
	chrUn_DS485230v1	0	1197		0
	chrUn_DS485233v1	0	1197		0
	chrUn_DS485239v1	0	1195		0
	chrUn_DS485240v1	0	1195		0
	chrUn_DS485242v1	0	1194		0
	chrUn_DS485243v1	0	1193		0
	chrUn_DS485245v1	0	1193		0
	chrUn_DS485246v1	0	1193		0
	chrUn_DS485247v1	0	1193		0
	chrUn_DS485249v1	0	1192		0
	chrUn_DS485251v1	0	1192		0
	chrUn_DS485252v1	0	1191		0
	chrUn_DS485253v1	0	1191		0
	chrUn_DS485254v1	0	1190		0
	chrUn_DS485255v1	0	1190		0
	chrUn_DS485256v1	0	1190		0
	chrUn_DS485258v1	0	1189		0
	chrUn_DS485259v1	0	1189		0
	chrUn_DS485260v1	0	1189		0
	chrUn_DS485261v1	0	1189		0
	chrUn_DS485263v1	0	1188		0
	chrUn_DS485264v1	0	1186		0
	chrUn_DS485265v1	0	1186		0
	chrUn_DS485270v1	0	1185		0
	chrUn_DS485273v1	0	1185		0
	chrUn_DS485275v1	0	1185		0
	chrUn_DS485280v1	0	1184		0
	chrUn_DS485284v1	0	1182		0
	chrUn_DS485285v1	0	1181		0
	chrUn_DS485290v1	0	1179		0
	chrUn_DS485291v1	0	1179		0
	chrUn_DS485292v1	0	1179		0
	chrUn_DS485294v1	0	1178		0
	chrUn_DS485296v1	0	1178		0
	chrUn_DS485297v1	0	1178		0
	chrUn_DS485298v1	0	1178		0
	chrUn_DS485301v1	0	1177		0
	chrUn_DS485304v1	0	1175		0
	chrUn_DS485306v1	0	1174		0
	chrUn_DS485309v1	0	1173		0
	chrUn_DS485311v1	0	1173		0
	chrUn_DS485313v1	0	1171		0
	chrUn_DS485314v1	0	1171		0
	chrUn_DS485319v1	0	1169		0
	chrUn_DS485322v1	0	1168		0
	chrUn_DS485323v1	0	1167		0
	chrUn_DS485324v1	0	1167		0
	chrUn_DS485325v1	0	1167		0
	chrUn_DS485326v1	0	1166		0
	chrUn_DS485330v1	0	1166		0
	chrUn_DS485331v1	0	1165		0
	chrUn_DS485333v1	0	1165		0
	chrUn_DS485337v1	0	1163		0
	chrUn_DS485338v1	0	1163		0
	chrUn_DS485339v1	0	1163		0
	chrUn_DS485340v1	0	1163		0
	chrUn_DS485341v1	0	1162		0
	chrUn_DS485342v1	0	1162		0
	chrUn_DS485349v1	0	1161		0
	chrUn_DS485353v1	0	1160		0
	chrUn_DS485354v1	0	1160		0
	chrUn_DS485356v1	0	1160		0
	chrUn_DS485357v1	0	1159		0
	chrUn_DS485361v1	0	1159		0
	chrUn_DS485362v1	0	1158		0
	chrUn_DS485365v1	0	1157		0
	chrUn_DS485368v1	0	1157		0
	chrUn_DS485370v1	0	1156		0
	chrUn_DS485371v1	0	1156		0
	chrUn_DS485376v1	0	1155		0
	chrUn_DS485379v1	0	1154		0
	chrUn_DS485381v1	0	1154		0
	chrUn_DS485382v1	0	1154		0
	chrUn_DS485383v1	0	1154		0
	chrUn_DS485385v1	0	1153		0
	chrUn_DS485386v1	0	1153		0
	chrUn_DS485387v1	0	1152		0
	chrUn_DS485389v1	0	1152		0
	chrUn_DS485390v1	0	1152		0
	chrUn_DS485392v1	0	1151		0
	chrUn_DS485393v1	0	1150		0
	chrUn_DS485395v1	0	1150		0
	chrUn_DS485397v1	0	1148		0
	chrUn_DS485398v1	0	1148		0
	chrUn_DS485400v1	0	1148		0
	chrUn_DS485401v1	0	1148		0
	chrUn_DS485403v1	0	1148		0
	chrUn_DS485407v1	0	1147		0
	chrUn_DS485410v1	0	1147		0
	chrUn_DS485411v1	0	1146		0
	chrUn_DS485415v1	0	1146		0
	chrUn_DS485419v1	0	1144		0
	chrUn_DS485420v1	0	1144		0
	chrUn_DS485421v1	0	1144		0
	chrUn_DS485424v1	0	1143		0
	chrUn_DS485425v1	0	1143		0
	chrUn_DS485426v1	0	1142		0
	chrUn_DS485428v1	0	1142		0
	chrUn_DS485429v1	0	1141		0
	chrUn_DS485433v1	0	1140		0
	chrUn_DS485434v1	0	1140		0
	chrUn_DS485437v1	0	1140		0
	chrUn_DS485438v1	0	1139		0
	chrUn_DS485439v1	0	1139		0
	chrUn_DS485441v1	0	1139		0
	chrUn_DS485442v1	0	1139		0
	chrUn_DS485443v1	0	1138		0
	chrUn_DS485448v1	0	1137		0
	chrUn_DS485451v1	0	1136		0
	chrUn_DS485453v1	0	1136		0
	chrUn_DS485456v1	0	1135		0
	chrUn_DS485457v1	0	1135		0
	chrUn_DS485461v1	0	1134		0
	chrUn_DS485462v1	0	1134		0
	chrUn_DS485464v1	0	1133		0
	chrUn_DS485466v1	0	1133		0
	chrUn_DS485467v1	0	1132		0
	chrUn_DS485468v1	0	1132		0
	chrUn_DS485469v1	0	1132		0
	chrUn_DS485472v1	0	1131		0
	chrUn_DS485475v1	0	1130		0
	chrUn_DS485477v1	0	1130		0
	chrUn_DS485481v1	0	1129		0
	chrUn_DS485482v1	0	1129		0
	chrUn_DS485488v1	0	1127		0
	chrUn_DS485490v1	0	1127		0
	chrUn_DS485491v1	0	1126		0
	chrUn_DS485494v1	0	1126		0
	chrUn_DS485495v1	0	1126		0
	chrUn_DS485496v1	0	1126		0
	chrUn_DS485497v1	0	1125		0
	chrUn_DS485498v1	0	1125		0
	chrUn_DS485500v1	0	1124		0
	chrUn_DS485501v1	0	1124		0
	chrUn_DS485503v1	0	1123		0
	chrUn_DS485504v1	0	1123		0
	chrUn_DS485505v1	0	1123		0
	chrUn_DS485506v1	0	1123		0
	chrUn_DS485509v1	0	1123		0
	chrUn_DS485515v1	0	1120		0
	chrUn_DS485517v1	0	1119		0
	chrUn_DS485518v1	0	1119		0
	chrUn_DS485520v1	0	1118		0
	chrUn_DS485521v1	0	1118		0
	chrUn_DS485522v1	0	1118		0
	chrUn_DS485525v1	0	1117		0
	chrUn_DS485526v1	0	1117		0
	chrUn_DS485527v1	0	1117		0
	chrUn_DS485528v1	0	1117		0
	chrUn_DS485529v1	0	1117		0
	chrUn_DS485530v1	0	1117		0
	chrUn_DS485531v1	0	1116		0
	chrUn_DS485533v1	0	1116		0
	chrUn_DS485535v1	0	1116		0
	chrUn_DS485536v1	0	1116		0
	chrUn_DS485538v1	0	1115		0
	chrUn_DS485539v1	0	1115		0
	chrUn_DS485540v1	0	1114		0
	chrUn_DS485541v1	0	1114		0
	chrUn_DS485542v1	0	1114		0
	chrUn_DS485543v1	0	1114		0
	chrUn_DS485544v1	0	1114		0
	chrUn_DS485545v1	0	1114		0
	chrUn_DS485547v1	0	1112		0
	chrUn_DS485548v1	0	1112		0
	chrUn_DS485557v1	0	1110		0
	chrUn_DS485558v1	0	1110		0
	chrUn_DS485559v1	0	1110		0
	chrUn_DS485563v1	0	1109		0
	chrUn_DS485565v1	0	1109		0
	chrUn_DS485566v2	0	544		0
	chrUn_DS485567v1	0	1108		0
	chrUn_DS485569v1	0	1108		0
	chrUn_DS485571v1	0	1107		0
	chrUn_DS485572v1	0	1107		0
	chrUn_DS485574v1	0	1106		0
	chrUn_DS485578v1	0	1105		0
	chrUn_DS485579v1	0	1105		0
	chrUn_DS485581v1	0	1105		0
	chrUn_DS485582v1	0	1105		0
	chrUn_DS485583v1	0	1105		0
	chrUn_DS485584v1	0	1105		0
	chrUn_DS485585v1	0	1103		0
	chrUn_DS485587v1	0	1103		0
	chrUn_DS485588v1	0	1103		0
	chrUn_DS485589v1	0	1102		0
	chrUn_DS485591v1	0	1102		0
	chrUn_DS485593v1	0	1101		0
	chrUn_DS485595v1	0	1101		0
	chrUn_DS485601v1	0	1099		0
	chrUn_DS485602v1	0	1099		0
	chrUn_DS485605v1	0	1098		0
	chrUn_DS485607v1	0	1097		0
	chrUn_DS485608v1	0	1097		0
	chrUn_DS485609v1	0	1096		0
	chrUn_DS485610v1	0	1096		0
	chrUn_DS485614v1	0	1094		0
	chrUn_DS485621v1	0	1091		0
	chrUn_DS485622v1	0	1090		0
	chrUn_DS485623v1	0	1090		0
	chrUn_DS485624v1	0	1090		0
	chrUn_DS485627v1	0	1090		0
	chrUn_DS485628v1	0	1089		0
	chrUn_DS485630v1	0	1089		0
	chrUn_DS485632v1	0	1088		0
	chrUn_DS485634v1	0	1088		0
	chrUn_DS485636v1	0	1088		0
	chrUn_DS485640v1	0	1087		0
	chrUn_DS485642v1	0	1087		0
	chrUn_DS485643v1	0	1086		0
	chrUn_DS485648v1	0	1086		0
	chrUn_DS485650v1	0	1084		0
	chrUn_DS485653v1	0	1084		0
	chrUn_DS485654v1	0	1084		0
	chrUn_DS485655v1	0	1083		0
	chrUn_DS485656v1	0	1083		0
	chrUn_DS485657v1	0	1083		0
	chrUn_DS485659v1	0	1082		0
	chrUn_DS485661v1	0	1081		0
	chrUn_DS485664v1	0	1081		0
	chrUn_DS485666v1	0	1080		0
	chrUn_DS485667v1	0	1080		0
	chrUn_DS485668v1	0	1080		0
	chrUn_DS485670v1	0	1079		0
	chrUn_DS485671v1	0	1079		0
	chrUn_DS485673v1	0	1078		0
	chrUn_DS485675v1	0	1078		0
	chrUn_DS485678v1	0	1077		0
	chrUn_DS485679v1	0	1077		0
	chrUn_DS485681v1	0	1076		0
	chrUn_DS485682v1	0	1076		0
	chrUn_DS485683v1	0	1076		0
	chrUn_DS485684v1	0	1076		0
	chrUn_DS485686v1	0	1075		0
	chrUn_DS485688v1	0	1075		0
	chrUn_DS485692v1	0	1074		0
	chrUn_DS485693v1	0	1074		0
	chrUn_DS485694v1	0	1074		0
	chrUn_DS485695v2	0	564		0
	chrUn_DS485701v1	0	1072		0
	chrUn_DS485703v1	0	1071		0
	chrUn_DS485709v1	0	1070		0
	chrUn_DS485711v1	0	1070		0
	chrUn_DS485712v1	0	1070		0
	chrUn_DS485714v1	0	1069		0
	chrUn_DS485717v1	0	1069		0
	chrUn_DS485722v1	0	1067		0
	chrUn_DS485724v1	0	1067		0
	chrUn_DS485725v1	0	1066		0
	chrUn_DS485728v1	0	1064		0
	chrUn_DS485729v1	0	1064		0
	chrUn_DS485733v1	0	1063		0
	chrUn_DS485737v1	0	1063		0
	chrUn_DS485740v1	0	1063		0
	chrUn_DS485741v1	0	1063		0
	chrUn_DS485742v1	0	1062		0
	chrUn_DS485743v1	0	1062		0
	chrUn_DS485746v1	0	1062		0
	chrUn_DS485747v1	0	1062		0
	chrUn_DS485748v1	0	1061		0
	chrUn_DS485750v1	0	1060		0
	chrUn_DS485751v1	0	1060		0
	chrUn_DS485753v1	0	1059		0
	chrUn_DS485754v1	0	1059		0
	chrUn_DS485757v1	0	1058		0
	chrUn_DS485760v1	0	1058		0
	chrUn_DS485766v1	0	1056		0
	chrUn_DS485770v1	0	1055		0
	chrUn_DS485773v1	0	1054		0
	chrUn_DS485774v1	0	1053		0
	chrUn_DS485775v1	0	1053		0
	chrUn_DS485780v1	0	1053		0
	chrUn_DS485781v1	0	1052		0
	chrUn_DS485783v1	0	1052		0
	chrUn_DS485788v1	0	1051		0
	chrUn_DS485789v1	0	1051		0
	chrUn_DS485792v1	0	1050		0
	chrUn_DS485793v1	0	1050		0
	chrUn_DS485794v1	0	1049		0
	chrUn_DS485796v1	0	1049		0
	chrUn_DS485802v1	0	1048		0
	chrUn_DS485803v1	0	1048		0
	chrUn_DS485806v1	0	1048		0
	chrUn_DS485807v1	0	1048		0
	chrUn_DS485808v1	0	1047		0
	chrUn_DS485810v1	0	1047		0
	chrUn_DS485812v1	0	1047		0
	chrUn_DS485818v1	0	1045		0
	chrUn_DS485820v1	0	1045		0
	chrUn_DS485821v1	0	1045		0
	chrUn_DS485822v1	0	1045		0
	chrUn_DS485823v1	0	1044		0
	chrUn_DS485825v1	0	1044		0
	chrUn_DS485826v1	0	1044		0
	chrUn_DS485827v1	0	1043		0
	chrUn_DS485828v1	0	1043		0
	chrUn_DS485832v1	0	1042		0
	chrUn_DS485833v1	0	1042		0
	chrUn_DS485838v1	0	1042		0
	chrUn_DS485841v1	0	1041		0
	chrUn_DS485842v1	0	1041		0
	chrUn_DS485846v1	0	1040		0
	chrUn_DS485847v1	0	1040		0
	chrUn_DS485848v1	0	1040		0
	chrUn_DS485850v1	0	1039		0
	chrUn_DS485851v1	0	1039		0
	chrUn_DS485853v1	0	1038		0
	chrUn_DS485854v1	0	1038		0
	chrUn_DS485859v1	0	1036		0
	chrUn_DS485863v1	0	1035		0
	chrUn_DS485864v1	0	1035		0
	chrUn_DS485867v1	0	1035		0
	chrUn_DS485868v1	0	1035		0
	chrUn_DS485870v1	0	1033		0
	chrUn_DS485872v1	0	1033		0
	chrUn_DS485874v1	0	1033		0
	chrUn_DS485876v1	0	1032		0
	chrUn_DS485878v1	0	1032		0
	chrUn_DS485880v1	0	1031		0
	chrUn_DS485882v1	0	1031		0
	chrUn_DS485883v1	0	1030		0
	chrUn_DS485886v1	0	1030		0
	chrUn_DS485887v1	0	1029		0
	chrUn_DS485889v1	0	1029		0
	chrUn_DS485891v1	0	1029		0
	chrUn_DS485893v1	0	1029		0
	chrUn_DS485897v1	0	1028		0
	chrUn_DS485900v1	0	1027		0
	chrUn_DS485902v1	0	1026		0
	chrUn_DS485903v1	0	1026		0
	chrUn_DS485904v1	0	1025		0
	chrUn_DS485905v1	0	1025		0
	chrUn_DS485906v1	0	1025		0
	chrUn_DS485907v1	0	1025		0
	chrUn_DS485911v1	0	1023		0
	chrUn_DS485912v1	0	1022		0
	chrUn_DS485915v1	0	1022		0
	chrUn_DS485917v1	0	1022		0
	chrUn_DS485918v1	0	1021		0
	chrUn_DS485919v1	0	1021		0
	chrUn_DS485923v1	0	1021		0
	chrUn_DS485925v1	0	1020		0
	chrUn_DS485929v1	0	1020		0
	chrUn_DS485932v1	0	1019		0
	chrUn_DS485933v1	0	1019		0
	chrUn_DS485935v1	0	1019		0
	chrUn_DS485939v1	0	1018		0
	chrUn_DS485940v1	0	1018		0
	chrUn_DS485944v1	0	1016		0
	chrUn_DS485946v1	0	1016		0
	chrUn_DS485947v1	0	1016		0
	chrUn_DS485948v1	0	1015		0
	chrUn_DS485952v1	0	1014		0
	chrUn_DS485953v1	0	1014		0
	chrUn_DS485954v1	0	1014		0
	chrUn_DS485955v1	0	1014		0
	chrUn_DS485957v1	0	1013		0
	chrUn_DS485958v1	0	1013		0
	chrUn_DS485964v1	0	1012		0
	chrUn_DS485965v1	0	1012		0
	chrUn_DS485966v1	0	1011		0
	chrUn_DS485968v1	0	1011		0
	chrUn_DS485969v1	0	1011		0
	chrUn_DS485973v1	0	1010		0
	chrUn_DS485979v1	0	1008		0
	chrUn_DS485980v1	0	1008		0
	chrUn_DS485982v1	0	1007		0
	chrUn_DS485983v1	0	1006		0
	chrUn_DS485984v1	0	1006		0
	chrUn_DS485985v1	0	1006		0
	chrUn_DS485986v1	0	1005		0
	chrUn_DS485988v1	0	1005		0
	chrUn_DS485989v1	0	1005		0
	chrUn_DS485991v1	0	1005		0
	chrUn_DS485995v1	0	1004		0
	chrUn_DS485996v1	0	1004		0
	chrUn_DS485997v1	0	1004		0
	chrUn_DS485998v1	0	1003		0
	chrUn_DS486002v1	0	1001		0
	chrUn_DS486004v1	0	1001		0
	chrUn_DS486005v1	0	1001		0
	chrUn_DS486008v1	0	1001		0
	chrX_CP007103v1_random	0	33320		0
	chrX_CP007104v1_random	0	27447		0
	chrX_DS483648v1_random	0	13940		0
	chrX_DS483655v1_random	0	13549		0
	chrX_DS483660v1_random	0	13394		0
	chrX_DS483665v1_random	0	13234		0
	chrX_DS483666v1_random	0	13108		0
	chrX_DS483669v1_random	0	12848		0
	chrX_DS483685v1_random	0	12187		0
	chrX_DS483698v1_random	0	11522		0
	chrX_DS483745v1_random	0	9368		0
	chrX_DS483784v1_random	0	5832		0
	chrX_DS483789v1_random	0	5555		0
	chrX_DS483795v1_random	0	5387		0
	chrX_DS483803v1_random	0	5232		0
	chrX_DS483809v1_random	0	5057		0
	chrX_DS483818v1_random	0	4917		0
	chrX_DS483821v1_random	0	4879		0
	chrX_DS483843v1_random	0	4515		0
	chrX_DS483851v1_random	0	4395		0
	chrX_DS483885v1_random	0	4085		0
	chrX_DS483888v1_random	0	4072		0
	chrX_DS483892v1_random	0	4013		0
	chrX_DS483893v1_random	0	4012		0
	chrX_DS483897v1_random	0	3984		0
	chrX_DS483903v1_random	0	3941		0
	chrX_DS483905v1_random	0	3926		0
	chrX_DS483907v1_random	0	3921		0
	chrX_DS483909v1_random	0	3913		0
	chrX_DS483923v1_random	0	3775		0
	chrX_DS483926v1_random	0	3745		0
	chrX_DS483928v1_random	0	3730		0
	chrX_DS483946v1_random	0	3603		0
	chrX_DS483948v1_random	0	3602		0
	chrX_DS483950v1_random	0	3582		0
	chrX_DS483955v1_random	0	3553		0
	chrX_DS483963v1_random	0	3523		0
	chrX_DS483969v1_random	0	3498		0
	chrX_DS483971v1_random	0	3478		0
	chrX_DS483974v1_random	0	3473		0
	chrX_DS483995v1_random	0	3347		0
	chrX_DS484002v1_random	0	3290		0
	chrX_DS484005v1_random	0	3275		0
	chrX_DS484012v1_random	0	3254		0
	chrX_DS484023v1_random	0	3206		0
	chrX_DS484026v1_random	0	3201		0
	chrX_DS484046v1_random	0	3123		0
	chrX_DS484051v1_random	0	3100		0
	chrX_DS484057v1_random	0	3076		0
	chrX_DS484060v1_random	0	3065		0
	chrX_DS484061v1_random	0	3059		0
	chrX_DS484067v1_random	0	3024		0
	chrX_DS484072v1_random	0	3002		0
	chrX_DS484074v1_random	0	2999		0
	chrX_DS484075v1_random	0	2996		0
	chrX_DS484081v1_random	0	2964		0
	chrX_DS484084v1_random	0	2956		0
	chrX_DS484085v1_random	0	2945		0
	chrX_DS484088v1_random	0	2937		0
	chrX_DS484099v1_random	0	2910		0
	chrX_DS484101v1_random	0	2904		0
	chrX_DS484112v1_random	0	2877		0
	chrX_DS484114v1_random	0	2871		0
	chrX_DS484124v1_random	0	2846		0
	chrX_DS484125v1_random	0	2844		0
	chrX_DS484126v1_random	0	2841		0
	chrX_DS484130v1_random	0	2834		0
	chrX_DS484131v1_random	0	2833		0
	chrX_DS484132v1_random	0	2830		0
	chrX_DS484133v1_random	0	2829		0
	chrX_DS484135v1_random	0	2825		0
	chrX_DS484136v1_random	0	2823		0
	chrX_DS484137v1_random	0	2822		0
	chrX_DS484140v1_random	0	2819		0
	chrX_DS484143v1_random	0	2814		0
	chrX_DS484161v1_random	0	2781		0
	chrX_DS484162v1_random	0	2765		0
	chrX_DS484165v1_random	0	2751		0
	chrX_DS484166v1_random	0	2750		0
	chrX_DS484178v1_random	0	2698		0
	chrX_DS484182v1_random	0	2689		0
	chrX_DS484185v1_random	0	2686		0
	chrX_DS484187v1_random	0	2671		0
	chrX_DS484198v1_random	0	2641		0
	chrX_DS484200v1_random	0	2639		0
	chrX_DS484201v1_random	0	2637		0
	chrX_DS484203v1_random	0	2635		0
	chrX_DS484215v1_random	0	2605		0
	chrX_DS484216v1_random	0	2603		0
	chrX_DS484219v1_random	0	2591		0
	chrX_DS484235v1_random	0	2557		0
	chrX_DS484252v1_random	0	2520		0
	chrX_DS484260v1_random	0	2505		0
	chrX_DS484261v1_random	0	2500		0
	chrX_DS484268v1_random	0	2475		0
	chrX_DS484272v1_random	0	2464		0
	chrX_DS484273v1_random	0	2463		0
	chrX_DS484278v1_random	0	2439		0
	chrX_DS484284v1_random	0	2432		0
	chrX_DS484288v1_random	0	2425		0
	chrX_DS484293v1_random	0	2420		0
	chrX_DS484297v1_random	0	2413		0
	chrX_DS484298v1_random	0	2412		0
	chrX_DS484305v1_random	0	2389		0
	chrX_DS484316v1_random	0	2379		0
	chrX_DS484319v1_random	0	2372		0
	chrX_DS484322v1_random	0	2366		0
	chrX_DS484323v1_random	0	2363		0
	chrX_DS484326v1_random	0	2357		0
	chrX_DS484328v1_random	0	2355		0
	chrX_DS484330v1_random	0	2353		0
	chrX_DS484337v1_random	0	2335		0
	chrX_DS484341v1_random	0	2328		0
	chrX_DS484344v1_random	0	2322		0
	chrX_DS484345v1_random	0	2318		0
	chrX_DS484346v1_random	0	2317		0
	chrX_DS484349v1_random	0	2307		0
	chrX_DS484354v1_random	0	2293		0
	chrX_DS484356v1_random	0	2289		0
	chrX_DS484357v1_random	0	2287		0
	chrX_DS484358v1_random	0	2286		0
	chrX_DS484359v1_random	0	2284		0
	chrX_DS484360v1_random	0	2283		0
	chrX_DS484361v1_random	0	2282		0
	chrX_DS484362v1_random	0	2273		0
	chrX_DS484364v1_random	0	2269		0
	chrX_DS484367v1_random	0	2259		0
	chrX_DS484368v1_random	0	2259		0
	chrX_DS484371v1_random	0	2247		0
	chrX_DS484374v1_random	0	2237		0
	chrX_DS484379v1_random	0	2228		0
	chrX_DS484382v1_random	0	2223		0
	chrX_DS484384v1_random	0	2220		0
	chrX_DS484387v1_random	0	2210		0
	chrX_DS484388v1_random	0	2209		0
	chrX_DS484393v1_random	0	2201		0
	chrX_DS484397v1_random	0	2196		0
	chrX_DS484399v1_random	0	2192		0
	chrX_DS484401v1_random	0	2189		0
	chrX_DS484402v1_random	0	2189		0
	chrX_DS484406v1_random	0	2177		0
	chrX_DS484409v1_random	0	2166		0
	chrX_DS484411v1_random	0	2161		0
	chrX_DS484415v1_random	0	2147		0
	chrX_DS484417v1_random	0	2139		0
	chrX_DS484419v1_random	0	2132		0
	chrX_DS484423v1_random	0	2126		0
	chrX_DS484428v1_random	0	2114		0
	chrX_DS484429v1_random	0	2113		0
	chrX_DS484430v1_random	0	2113		0
	chrX_DS484431v1_random	0	2113		0
	chrX_DS484433v1_random	0	2109		0
	chrX_DS484442v1_random	0	2096		0
	chrX_DS484444v1_random	0	2094		0
	chrX_DS484447v1_random	0	2089		0
	chrX_DS484450v1_random	0	2087		0
	chrX_DS484457v1_random	0	2079		0
	chrX_DS484459v1_random	0	2078		0
	chrX_DS484462v1_random	0	2068		0
	chrX_DS484468v1_random	0	2060		0
	chrX_DS484474v1_random	0	2044		0
	chrX_DS484477v1_random	0	2035		0
	chrX_DS484483v1_random	0	2021		0
	chrX_DS484488v1_random	0	2009		0
	chrX_DS484497v1_random	0	1998		0
	chrX_DS484500v1_random	0	1993		0
	chrX_DS484504v1_random	0	1986		0
	chrX_DS484506v1_random	0	1980		0
	chrX_DS484507v1_random	0	1978		0
	chrX_DS484512v1_random	0	1970		0
	chrX_DS484518v1_random	0	1964		0
	chrX_DS484519v1_random	0	1963		0
	chrX_DS484526v1_random	0	1956		0
	chrX_DS484529v1_random	0	1947		0
	chrX_DS484533v1_random	0	1944		0
	chrX_DS484535v1_random	0	1939		0
	chrX_DS484538v1_random	0	1936		0
	chrX_DS484540v1_random	0	1935		0
	chrX_DS484541v1_random	0	1933		0
	chrX_DS484545v1_random	0	1928		0
	chrX_DS484547v1_random	0	1927		0
	chrX_DS484552v1_random	0	1920		0
	chrX_DS484555v1_random	0	1916		0
	chrX_DS484556v1_random	0	1916		0
	chrX_DS484558v1_random	0	1906		0
	chrX_DS484560v1_random	0	1904		0
	chrX_DS484562v1_random	0	1903		0
	chrX_DS484563v1_random	0	1903		0
	chrX_DS484564v1_random	0	1902		0
	chrX_DS484568v1_random	0	1899		0
	chrX_DS484569v1_random	0	1895		0
	chrX_DS484570v1_random	0	1895		0
	chrX_DS484572v1_random	0	1891		0
	chrX_DS484576v1_random	0	1888		0
	chrX_DS484580v1_random	0	1871		0
	chrX_DS484582v1_random	0	1870		0
	chrX_DS484583v1_random	0	1869		0
	chrX_DS484585v1_random	0	1869		0
	chrX_DS484586v1_random	0	1868		0
	chrX_DS484587v1_random	0	1865		0
	chrX_DS484590v1_random	0	1856		0
	chrX_DS484594v1_random	0	1843		0
	chrX_DS484596v1_random	0	1843		0
	chrX_DS484597v1_random	0	1843		0
	chrX_DS484598v1_random	0	1842		0
	chrX_DS484599v1_random	0	1841		0
	chrX_DS484600v1_random	0	1841		0
	chrX_DS484603v1_random	0	1830		0
	chrX_DS484604v1_random	0	1829		0
	chrX_DS484605v1_random	0	1829		0
	chrX_DS484608v1_random	0	1818		0
	chrX_DS484609v1_random	0	1818		0
	chrX_DS484610v1_random	0	1813		0
	chrX_DS484611v1_random	0	1813		0
	chrX_DS484615v1_random	0	1803		0
	chrX_DS484618v1_random	0	1800		0
	chrX_DS484620v1_random	0	1798		0
	chrX_DS484622v1_random	0	1793		0
	chrX_DS484623v1_random	0	1792		0
	chrX_DS484625v1_random	0	1787		0
	chrX_DS484626v1_random	0	1786		0
	chrX_DS484628v1_random	0	1785		0
	chrX_DS484633v1_random	0	1775		0
	chrX_DS484636v1_random	0	1769		0
	chrX_DS484644v1_random	0	1747		0
	chrX_DS484645v1_random	0	1747		0
	chrX_DS484647v1_random	0	1743		0
	chrX_DS484648v1_random	0	1741		0
	chrX_DS484650v1_random	0	1737		0
	chrX_DS484657v1_random	0	1724		0
	chrX_DS484660v1_random	0	1716		0
	chrX_DS484664v1_random	0	1713		0
	chrX_DS484666v1_random	0	1710		0
	chrX_DS484668v1_random	0	1709		0
	chrX_DS484669v1_random	0	1708		0
	chrX_DS484670v1_random	0	1704		0
	chrX_DS484672v1_random	0	1703		0
	chrX_DS484677v1_random	0	1687		0
	chrX_DS484679v1_random	0	1683		0
	chrX_DS484682v1_random	0	1680		0
	chrX_DS484683v1_random	0	1679		0
	chrX_DS484684v1_random	0	1678		0
	chrX_DS484688v1_random	0	1657		0
	chrX_DS484690v1_random	0	1645		0
	chrX_DS484691v1_random	0	1643		0
	chrX_DS484694v1_random	0	1637		0
	chrX_DS484695v1_random	0	1637		0
	chrX_DS484697v1_random	0	1636		0
	chrX_DS484698v1_random	0	1630		0
	chrX_DS484701v1_random	0	1625		0
	chrX_DS484702v1_random	0	1623		0
	chrX_DS484703v1_random	0	1622		0
	chrX_DS484715v1_random	0	1595		0
	chrX_DS484719v1_random	0	1586		0
	chrX_DS484723v1_random	0	1577		0
	chrX_DS484724v1_random	0	1575		0
	chrX_DS484725v1_random	0	1573		0
	chrX_DS484730v1_random	0	1560		0
	chrX_DS484731v1_random	0	1558		0
	chrX_DS484732v1_random	0	1556		0
	chrX_DS484733v1_random	0	1556		0
	chrX_DS484737v1_random	0	1550		0
	chrX_DS484740v1_random	0	1546		0
	chrX_DS484741v1_random	0	1544		0
	chrX_DS484745v1_random	0	1541		0
	chrX_DS484749v1_random	0	1534		0
	chrX_DS484753v1_random	0	1529		0
	chrX_DS484758v1_random	0	1525		0
	chrX_DS484763v1_random	0	1519		0
	chrX_DS484765v1_random	0	1516		0
	chrX_DS484767v1_random	0	1510		0
	chrX_DS484768v1_random	0	1509		0
	chrX_DS484775v1_random	0	1492		0
	chrX_DS484777v1_random	0	1489		0
	chrX_DS484778v1_random	0	1488		0
	chrX_DS484783v1_random	0	1482		0
	chrX_DS484785v1_random	0	1478		0
	chrX_DS484786v1_random	0	1476		0
	chrX_DS484803v1_random	0	1461		0
	chrX_DS484809v1_random	0	1453		0
	chrX_DS484810v1_random	0	1452		0
	chrX_DS484811v1_random	0	1452		0
	chrX_DS484819v1_random	0	1441		0
	chrX_DS484826v1_random	0	1432		0
	chrX_DS484832v1_random	0	1425		0
	chrX_DS484833v1_random	0	1424		0
	chrX_DS484837v1_random	0	1423		0
	chrX_DS484839v1_random	0	1421		0
	chrX_DS484840v1_random	0	1419		0
	chrX_DS484845v1_random	0	1412		0
	chrX_DS484850v1_random	0	1408		0
	chrX_DS484857v1_random	0	1402		0
	chrX_DS484871v1_random	0	1386		0
	chrX_DS484879v1_random	0	1381		0
	chrX_DS484880v1_random	0	1380		0
	chrX_DS484890v1_random	0	1376		0
	chrX_DS484907v1_random	0	1361		0
	chrX_DS484911v1_random	0	1355		0
	chrX_DS484913v1_random	0	1355		0
	chrX_DS484928v1_random	0	1340		0
	chrX_DS484935v1_random	0	1336		0
	chrX_DS484951v1_random	0	1327		0
	chrX_DS484952v1_random	0	1326		0
	chrX_DS484953v1_random	0	1326		0
	chrX_DS484955v1_random	0	1323		0
	chrX_DS484961v1_random	0	1315		0
	chrX_DS484963v1_random	0	1315		0
	chrX_DS484965v1_random	0	1312		0
	chrX_DS484968v1_random	0	1311		0
	chrX_DS484970v1_random	0	1310		0
	chrX_DS484974v1_random	0	1309		0
	chrX_DS484978v1_random	0	1306		0
	chrX_DS484990v1_random	0	1301		0
	chrX_DS484995v1_random	0	1296		0
	chrX_DS484996v1_random	0	1295		0
	chrX_DS484997v1_random	0	1294		0
	chrX_DS485012v1_random	0	1284		0
	chrX_DS485015v1_random	0	1283		0
	chrX_DS485017v1_random	0	1281		0
	chrX_DS485043v1_random	0	1271		0
	chrX_DS485044v1_random	0	1271		0
	chrX_DS485049v1_random	0	1269		0
	chrX_DS485050v1_random	0	1268		0
	chrX_DS485054v1_random	0	1265		0
	chrX_DS485072v1_random	0	1260		0
	chrX_DS485074v1_random	0	1258		0
	chrX_DS485077v1_random	0	1258		0
	chrX_DS485078v1_random	0	1257		0
	chrX_DS485080v1_random	0	1253		0
	chrX_DS485081v1_random	0	1252		0
	chrX_DS485084v1_random	0	1251		0
	chrX_DS485096v1_random	0	1244		0
	chrX_DS485101v1_random	0	1241		0
	chrX_DS485104v1_random	0	1240		0
	chrX_DS485109v1_random	0	1238		0
	chrX_DS485110v1_random	0	1238		0
	chrX_DS485111v1_random	0	1238		0
	chrX_DS485112v1_random	0	1238		0
	chrX_DS485119v1_random	0	1235		0
	chrX_DS485126v1_random	0	1233		0
	chrX_DS485141v1_random	0	1228		0
	chrX_DS485164v1_random	0	1223		0
	chrX_DS485167v1_random	0	1221		0
	chrX_DS485172v1_random	0	1220		0
	chrX_DS485186v1_random	0	1212		0
	chrX_DS485189v1_random	0	1211		0
	chrX_DS485195v1_random	0	1209		0
	chrX_DS485201v1_random	0	1208		0
	chrX_DS485225v1_random	0	1200		0
	chrX_DS485235v1_random	0	1195		0
	chrX_DS485238v1_random	0	1195		0
	chrX_DS485257v1_random	0	1189		0
	chrX_DS485262v1_random	0	1189		0
	chrX_DS485266v1_random	0	1186		0
	chrX_DS485268v1_random	0	1186		0
	chrX_DS485271v1_random	0	1185		0
	chrX_DS485277v1_random	0	1184		0
	chrX_DS485278v1_random	0	1184		0
	chrX_DS485281v1_random	0	1184		0
	chrX_DS485287v1_random	0	1181		0
	chrX_DS485299v1_random	0	1178		0
	chrX_DS485300v1_random	0	1178		0
	chrX_DS485303v1_random	0	1175		0
	chrX_DS485305v1_random	0	1174		0
	chrX_DS485310v1_random	0	1173		0
	chrX_DS485334v1_random	0	1164		0
	chrX_DS485336v1_random	0	1163		0
	chrX_DS485345v1_random	0	1161		0
	chrX_DS485351v1_random	0	1161		0
	chrX_DS485358v1_random	0	1159		0
	chrX_DS485360v1_random	0	1159		0
	chrX_DS485364v1_random	0	1158		0
	chrX_DS485378v1_random	0	1155		0
	chrX_DS485384v1_random	0	1153		0
	chrX_DS485418v1_random	0	1145		0
	chrX_DS485454v1_random	0	1135		0
	chrX_DS485459v1_random	0	1134		0
	chrX_DS485465v1_random	0	1133		0
	chrX_DS485471v1_random	0	1131		0
	chrX_DS485476v1_random	0	1130		0
	chrX_DS485478v1_random	0	1129		0
	chrX_DS485514v1_random	0	1121		0
	chrX_DS485537v1_random	0	1115		0
	chrX_DS485549v1_random	0	1112		0
	chrX_DS485550v1_random	0	1112		0
	chrX_DS485562v1_random	0	1109		0
	chrX_DS485573v1_random	0	1107		0
	chrX_DS485592v1_random	0	1102		0
	chrX_DS485597v1_random	0	1100		0
	chrX_DS485599v1_random	0	1100		0
	chrX_DS485603v1_random	0	1098		0
	chrX_DS485606v1_random	0	1097		0
	chrX_DS485617v1_random	0	1093		0
	chrX_DS485618v1_random	0	1092		0
	chrX_DS485620v1_random	0	1091		0
	chrX_DS485635v1_random	0	1088		0
	chrX_DS485647v1_random	0	1086		0
	chrX_DS485649v1_random	0	1084		0
	chrX_DS485651v1_random	0	1084		0
	chrX_DS485660v1_random	0	1082		0
	chrX_DS485672v1_random	0	1078		0
	chrX_DS485676v1_random	0	1078		0
	chrX_DS485687v1_random	0	1075		0
	chrX_DS485691v1_random	0	1074		0
	chrX_DS485707v1_random	0	1071		0
	chrX_DS485723v1_random	0	1067		0
	chrX_DS485735v1_random	0	1063		0
	chrX_DS485738v1_random	0	1063		0
	chrX_DS485745v1_random	0	1062		0
	chrX_DS485756v1_random	0	1058		0
	chrX_DS485762v1_random	0	1057		0
	chrX_DS485765v1_random	0	1056		0
	chrX_DS485769v1_random	0	1055		0
	chrX_DS485771v1_random	0	1055		0
	chrX_DS485778v1_random	0	1053		0
	chrX_DS485782v1_random	0	1052		0
	chrX_DS485785v1_random	0	1051		0
	chrX_DS485790v1_random	0	1051		0
	chrX_DS485797v1_random	0	1049		0
	chrX_DS485798v1_random	0	1049		0
	chrX_DS485801v1_random	0	1048		0
	chrX_DS485813v1_random	0	1047		0
	chrX_DS485816v1_random	0	1046		0
	chrX_DS485836v1_random	0	1042		0
	chrX_DS485845v1_random	0	1040		0
	chrX_DS485852v1_random	0	1038		0
	chrX_DS485855v1_random	0	1037		0
	chrX_DS485856v1_random	0	1037		0
	chrX_DS485857v1_random	0	1037		0
	chrX_DS485860v1_random	0	1036		0
	chrX_DS485879v1_random	0	1031		0
	chrX_DS485898v1_random	0	1028		0
	chrX_DS485899v1_random	0	1027		0
	chrX_DS485909v1_random	0	1023		0
	chrX_DS485913v1_random	0	1022		0
	chrX_DS485934v1_random	0	1019		0
	chrX_DS485941v1_random	0	1018		0
	chrX_DS485942v1_random	0	1018		0
	chrX_DS485950v1_random	0	1015		0
	chrX_DS485959v1_random	0	1013		0
	chrX_DS485962v1_random	0	1012		0
	chrX_DS485967v1_random	0	1011		0
	chrX_DS485978v1_random	0	1008		0
	chrX_DS485981v1_random	0	1007		0
	chrX_DS485987v1_random	0	1005		0
	chrX_DS485994v1_random	0	1004		0
	chrY	0	3667352		0
	chrY_CP007107v1_random	0	73091		0
	chrY_CP007108v1_random	0	66731		0
	chrY_CP007109v1_random	0	66439		0
	chrY_CP007110v1_random	0	33316		0
	chrY_CP007111v1_random	0	34521		0
	chrY_CP007112v1_random	0	39041		0
	chrY_CP007113v1_random	0	34359		0
	chrY_CP007114v1_random	0	31460		0
	chrY_CP007115v1_random	0	21921		0
	chrY_CP007116v1_random	0	25805		0
	chrY_CP007117v1_random	0	24380		0
	chrY_CP007118v1_random	0	44104		0
	chrY_CP007119v1_random	0	11498		0
	chrY_DS483677v1_random	0	12513		0
	chrY_DS483690v1_random	0	12001		0
	chrY_DS483725v1_random	0	13079		0
	chrY_DS483742v1_random	0	11763		0
	chrY_DS483778v1_random	0	5984		0
	chrY_DS483788v1_random	0	5564		0
	chrY_DS483790v1_random	0	5520		0
	chrY_DS483875v1_random	0	4197		0
	chrY_DS483889v1_random	0	4059		0
	chrY_DS483931v1_random	0	3713		0
	chrY_DS483959v1_random	0	3537		0
	chrY_DS483966v1_random	0	3502		0
	chrY_DS483967v1_random	0	3499		0
	chrY_DS483987v1_random	0	3375		0
	chrY_DS483988v1_random	0	3374		0
	chrY_DS483996v1_random	0	3341		0
	chrY_DS484021v1_random	0	3213		0
	chrY_DS484029v1_random	0	3195		0
	chrY_DS484037v1_random	0	3173		0
	chrY_DS484043v1_random	0	3154		0
	chrY_DS484049v1_random	0	3102		0
	chrY_DS484056v1_random	0	3077		0
	chrY_DS484063v1_random	0	3046		0
	chrY_DS484094v1_random	0	2922		0
	chrY_DS484103v1_random	0	2899		0
	chrY_DS484128v1_random	0	2836		0
	chrY_DS484142v1_random	0	2815		0
	chrY_DS484146v1_random	0	2799		0
	chrY_DS484164v1_random	0	2762		0
	chrY_DS484171v1_random	0	2728		0
	chrY_DS484175v1_random	0	2709		0
	chrY_DS484181v1_random	0	2694		0
	chrY_DS484184v1_random	0	2688		0
	chrY_DS484197v1_random	0	2642		0
	chrY_DS484233v1_random	0	2565		0
	chrY_DS484249v1_random	0	2522		0
	chrY_DS484250v1_random	0	2521		0
	chrY_DS484259v1_random	0	2508		0
	chrY_DS484266v1_random	0	2477		0
	chrY_DS484270v1_random	0	2473		0
	chrY_DS484336v1_random	0	2342		0
	chrY_DS484351v1_random	0	2303		0
	chrY_DS484377v1_random	0	2232		0
	chrY_DS484390v1_random	0	2206		0
	chrY_DS484441v1_random	0	2096		0
	chrY_DS484465v1_random	0	2063		0
	chrY_DS484492v1_random	0	2005		0
	chrY_DS484523v1_random	0	1961		0
	chrY_DS484530v1_random	0	1947		0
	chrY_DS484531v1_random	0	1946		0
	chrY_DS484574v1_random	0	1890		0
	chrY_DS484589v1_random	0	1863		0
	chrY_DS484631v1_random	0	1775		0
	chrY_DS484637v1_random	0	1766		0
	chrY_DS484641v1_random	0	1756		0
	chrY_DS484643v1_random	0	1751		0
	chrY_DS484665v1_random	0	1712		0
	chrY_DS484674v1_random	0	1690		0
	chrY_DS484675v1_random	0	1690		0
	chrY_DS484680v1_random	0	1683		0
	chrY_DS484681v1_random	0	1683		0
	chrY_DS484696v1_random	0	1637		0
	chrY_DS484706v1_random	0	1619		0
	chrY_DS484757v1_random	0	1525		0
	chrY_DS484781v1_random	0	1485		0
	chrY_DS484805v1_random	0	1459		0
	chrY_DS484807v1_random	0	1456		0
	chrY_DS484818v1_random	0	1443		0
	chrY_DS484820v1_random	0	1440		0
	chrY_DS484830v1_random	0	1429		0
	chrY_DS484863v1_random	0	1393		0
	chrY_DS484875v1_random	0	1383		0
	chrY_DS484876v1_random	0	1382		0
	chrY_DS484908v1_random	0	1360		0
	chrY_DS484909v1_random	0	1356		0
	chrY_DS484924v1_random	0	1341		0
	chrY_DS484942v1_random	0	1333		0
	chrY_DS484945v1_random	0	1330		0
	chrY_DS484956v1_random	0	1322		0
	chrY_DS484983v1_random	0	1304		0
	chrY_DS484986v1_random	0	1303		0
	chrY_DS484992v1_random	0	1297		0
	chrY_DS484994v1_random	0	1297		0
	chrY_DS485013v1_random	0	1284		0
	chrY_DS485014v1_random	0	1283		0
	chrY_DS485016v1_random	0	1282		0
	chrY_DS485028v1_random	0	1277		0
	chrY_DS485042v1_random	0	1271		0
	chrY_DS485048v1_random	0	1270		0
	chrY_DS485051v1_random	0	1268		0
	chrY_DS485070v1_random	0	1260		0
	chrY_DS485097v1_random	0	1243		0
	chrY_DS485099v1_random	0	1241		0
	chrY_DS485113v1_random	0	1237		0
	chrY_DS485137v1_random	0	1230		0
	chrY_DS485143v1_random	0	1227		0
	chrY_DS485158v1_random	0	1224		0
	chrY_DS485159v1_random	0	1224		0
	chrY_DS485166v1_random	0	1222		0
	chrY_DS485178v1_random	0	1218		0
	chrY_DS485219v1_random	0	1202		0
	chrY_DS485236v1_random	0	1195		0
	chrY_DS485250v1_random	0	1192		0
	chrY_DS485267v1_random	0	1186		0
	chrY_DS485283v1_random	0	1182		0
	chrY_DS485288v1_random	0	1181		0
	chrY_DS485302v1_random	0	1176		0
	chrY_DS485315v1_random	0	1171		0
	chrY_DS485316v1_random	0	1171		0
	chrY_DS485318v1_random	0	1170		0
	chrY_DS485320v1_random	0	1169		0
	chrY_DS485328v1_random	0	1166		0
	chrY_DS485329v1_random	0	1166		0
	chrY_DS485335v1_random	0	1163		0
	chrY_DS485343v1_random	0	1162		0
	chrY_DS485359v1_random	0	1159		0
	chrY_DS485363v1_random	0	1158		0
	chrY_DS485374v1_random	0	1155		0
	chrY_DS485375v1_random	0	1155		0
	chrY_DS485388v1_random	0	1152		0
	chrY_DS485399v1_random	0	1148		0
	chrY_DS485409v1_random	0	1147		0
	chrY_DS485416v1_random	0	1146		0
	chrY_DS485422v1_random	0	1144		0
	chrY_DS485423v1_random	0	1144		0
	chrY_DS485427v1_random	0	1142		0
	chrY_DS485430v1_random	0	1141		0
	chrY_DS485436v1_random	0	1140		0
	chrY_DS485440v1_random	0	1139		0
	chrY_DS485450v1_random	0	1136		0
	chrY_DS485452v1_random	0	1136		0
	chrY_DS485460v1_random	0	1134		0
	chrY_DS485470v1_random	0	1132		0
	chrY_DS485473v1_random	0	1131		0
	chrY_DS485483v1_random	0	1129		0
	chrY_DS485492v1_random	0	1126		0
	chrY_DS485512v1_random	0	1122		0
	chrY_DS485523v1_random	0	1118		0
	chrY_DS485532v1_random	0	1116		0
	chrY_DS485534v1_random	0	1116		0
	chrY_DS485552v1_random	0	1111		0
	chrY_DS485560v1_random	0	1110		0
	chrY_DS485561v1_random	0	1109		0
	chrY_DS485575v1_random	0	1106		0
	chrY_DS485594v1_random	0	1101		0
	chrY_DS485604v1_random	0	1098		0
	chrY_DS485625v1_random	0	1090		0
	chrY_DS485641v1_random	0	1087		0
	chrY_DS485646v1_random	0	1086		0
	chrY_DS485685v1_random	0	1075		0
	chrY_DS485696v1_random	0	1073		0
	chrY_DS485698v1_random	0	1072		0
	chrY_DS485718v1_random	0	1068		0
	chrY_DS485732v1_random	0	1064		0
	chrY_DS485736v1_random	0	1063		0
	chrY_DS485739v1_random	0	1063		0
	chrY_DS485749v1_random	0	1060		0
	chrY_DS485752v1_random	0	1059		0
	chrY_DS485755v1_random	0	1058		0
	chrY_DS485764v1_random	0	1056		0
	chrY_DS485767v1_random	0	1056		0
	chrY_DS485772v1_random	0	1054		0
	chrY_DS485776v1_random	0	1053		0
	chrY_DS485786v1_random	0	1051		0
	chrY_DS485795v1_random	0	1049		0
	chrY_DS485839v1_random	0	1042		0
	chrY_DS485840v1_random	0	1041		0
	chrY_DS485849v1_random	0	1039		0
	chrY_DS485858v1_random	0	1037		0
	chrY_DS485865v1_random	0	1035		0
	chrY_DS485873v1_random	0	1033		0
	chrY_DS485875v1_random	0	1032		0
	chrY_DS485885v1_random	0	1030		0
	chrY_DS485888v1_random	0	1029		0
	chrY_DS485892v1_random	0	1029		0
	chrY_DS485894v1_random	0	1029		0
	chrY_DS485901v1_random	0	1027		0
	chrY_DS485927v1_random	0	1020		0
	chrY_DS485938v1_random	0	1019		0
	chrY_DS485956v1_random	0	1014		0
	chrY_DS485960v1_random	0	1012		0
	chrY_DS485963v1_random	0	1012		0
	chrY_DS485972v1_random	0	1010		0
	chrY_DS485974v1_random	0	1010		0
	chrY_DS485975v1_random	0	1010		0
	chrY_DS486003v1_random	0	1001		0
n/a not found
