	chr1	0	58871917		0
	chr10	0	45574255		0
	chr11	0	45107271		0
	chr12	0	49229541		0
	chr13	0	51780250		0
	chr14	0	51944548		0
	chr15	0	47771147		0
	chr16	0	55381981		0
	chr17	0	53345113		0
	chr18	0	51008593		0
	chr19	0	48790377		0
	chr2	0	59543403		0
	chr20	0	55370968		0
	chr21	0	45895719		0
	chr22	0	39226288		0
	chr23	0	46272358		0
	chr24	0	42251103		0
	chr25	0	36898761		0
	chr3	0	62385949		0
	chr4	0	76625712		0
	chr5	0	71715914		0
	chr6	0	60272633		0
	chr7	0	74082188		0
	chr8	0	54191831		0
	chr9	0	56892771		0
	chrM	0	16596		0
	chrUn_KN149679v1	0	35552		0
	chrUn_KN149680v1	0	38724		0
	chrUn_KN149681v1	0	107758		0
	chrUn_KN149682v1	0	137468		0
	chrUn_KN149683v1	0	152860		0
	chrUn_KN149684v1	0	159057		0
	chrUn_KN149685v1	0	164780		0
	chrUn_KN149686v1	0	260365		0
	chrUn_KN149687v1	0	165668		0
	chrUn_KN149688v1	0	252705		0
	chrUn_KN149689v1	0	196689		0
	chrUn_KN149690v1	0	343018		0
	chrUn_KN149691v1	0	233193		0
	chrUn_KN149692v1	0	36911		0
	chrUn_KN149693v1	0	49295		0
	chrUn_KN149694v1	0	162759		0
	chrUn_KN149695v1	0	190731		0
	chrUn_KN149696v1	0	368637		0
	chrUn_KN149697v1	0	40969		0
	chrUn_KN149698v1	0	108577		0
	chrUn_KN149699v1	0	33146		0
	chrUn_KN149700v1	0	40050		0
	chrUn_KN149701v1	0	3760		0
	chrUn_KN149702v1	0	100325		0
	chrUn_KN149703v1	0	13902		0
	chrUn_KN149704v1	0	48089		0
	chrUn_KN149705v1	0	27926		0
	chrUn_KN149706v1	0	33279		0
	chrUn_KN149707v1	0	6001		0
	chrUn_KN149708v1	0	20567		0
	chrUn_KN149709v1	0	27814		0
	chrUn_KN149710v1	0	50974		0
	chrUn_KN149711v1	0	11473		0
	chrUn_KN149712v1	0	1115		0
	chrUn_KN149713v1	0	10094		0
	chrUn_KN149714v1	0	74622		0
	chrUn_KN149715v1	0	19020		0
	chrUn_KN149716v1	0	42229		0
	chrUn_KN149717v1	0	47589		0
	chrUn_KN149718v1	0	65247		0
	chrUn_KN149719v1	0	47531		0
	chrUn_KN149720v1	0	10211		0
	chrUn_KN149721v1	0	25462		0
	chrUn_KN149722v1	0	13397		0
	chrUn_KN149723v1	0	55784		0
	chrUn_KN149724v1	0	11849		0
	chrUn_KN149725v1	0	69829		0
	chrUn_KN149726v1	0	2146		0
	chrUn_KN149727v1	0	24871		0
	chrUn_KN149728v1	0	9442		0
	chrUn_KN149729v1	0	5608		0
	chrUn_KN149730v1	0	14804		0
	chrUn_KN149731v1	0	19431		0
	chrUn_KN149732v1	0	16041		0
	chrUn_KN149733v1	0	21637		0
	chrUn_KN149734v1	0	6288		0
	chrUn_KN149735v1	0	5747		0
	chrUn_KN149736v1	0	1649		0
	chrUn_KN149737v1	0	27700		0
	chrUn_KN149738v1	0	10603		0
	chrUn_KN149739v1	0	51610		0
	chrUn_KN149740v1	0	1265		0
	chrUn_KN149741v1	0	21941		0
	chrUn_KN149742v1	0	2671		0
	chrUn_KN149743v1	0	21023		0
	chrUn_KN149744v1	0	19164		0
	chrUn_KN149745v1	0	8150		0
	chrUn_KN149746v1	0	10900		0
	chrUn_KN149747v1	0	16275		0
	chrUn_KN149748v1	0	96570		0
	chrUn_KN149749v1	0	40089		0
	chrUn_KN149750v1	0	13928		0
	chrUn_KN149751v1	0	15848		0
	chrUn_KN149752v1	0	16628		0
	chrUn_KN149753v1	0	30249		0
	chrUn_KN149754v1	0	40214		0
	chrUn_KN149755v1	0	11941		0
	chrUn_KN149756v1	0	11785		0
	chrUn_KN149757v1	0	16145		0
	chrUn_KN149758v1	0	9515		0
	chrUn_KN149759v1	0	38290		0
	chrUn_KN149760v1	0	46605		0
	chrUn_KN149761v1	0	14795		0
	chrUn_KN149762v1	0	17936		0
	chrUn_KN149763v1	0	19644		0
	chrUn_KN149764v1	0	19831		0
	chrUn_KN149765v1	0	29197		0
	chrUn_KN149766v1	0	14664		0
	chrUn_KN149767v1	0	30874		0
	chrUn_KN149768v1	0	17671		0
	chrUn_KN149769v1	0	53048		0
	chrUn_KN149770v1	0	12046		0
	chrUn_KN149771v1	0	14151		0
	chrUn_KN149772v1	0	13273		0
	chrUn_KN149773v1	0	1302		0
	chrUn_KN149774v1	0	12337		0
	chrUn_KN149775v1	0	18776		0
	chrUn_KN149776v1	0	2919		0
	chrUn_KN149777v1	0	1553		0
	chrUn_KN149778v1	0	111598		0
	chrUn_KN149779v1	0	21664		0
	chrUn_KN149780v1	0	19718		0
	chrUn_KN149781v1	0	9962		0
	chrUn_KN149782v1	0	36097		0
	chrUn_KN149783v1	0	11892		0
	chrUn_KN149784v1	0	73829		0
	chrUn_KN149785v1	0	1577		0
	chrUn_KN149786v1	0	1745		0
	chrUn_KN149787v1	0	39794		0
	chrUn_KN149788v1	0	8794		0
	chrUn_KN149789v1	0	12990		0
	chrUn_KN149790v1	0	115850		0
	chrUn_KN149791v1	0	17273		0
	chrUn_KN149792v1	0	11232		0
	chrUn_KN149793v1	0	13298		0
	chrUn_KN149794v1	0	25440		0
	chrUn_KN149795v1	0	34615		0
	chrUn_KN149796v1	0	25635		0
	chrUn_KN149797v1	0	102101		0
	chrUn_KN149798v1	0	1990		0
	chrUn_KN149799v1	0	27060		0
	chrUn_KN149800v1	0	42049		0
	chrUn_KN149801v1	0	4454		0
	chrUn_KN149802v1	0	3818		0
	chrUn_KN149803v1	0	16018		0
	chrUn_KN149804v1	0	10148		0
	chrUn_KN149805v1	0	12432		0
	chrUn_KN149806v1	0	15157		0
	chrUn_KN149807v1	0	12512		0
	chrUn_KN149808v1	0	15454		0
	chrUn_KN149809v1	0	2001		0
	chrUn_KN149810v1	0	15043		0
	chrUn_KN149811v1	0	8720		0
	chrUn_KN149812v1	0	51419		0
	chrUn_KN149813v1	0	59009		0
	chrUn_KN149814v1	0	25878		0
	chrUn_KN149815v1	0	33337		0
	chrUn_KN149816v1	0	10128		0
	chrUn_KN149817v1	0	11116		0
	chrUn_KN149818v1	0	25942		0
	chrUn_KN149819v1	0	10210		0
	chrUn_KN149820v1	0	1281		0
	chrUn_KN149821v1	0	31785		0
	chrUn_KN149822v1	0	2460		0
	chrUn_KN149823v1	0	14034		0
	chrUn_KN149824v1	0	2357		0
	chrUn_KN149825v1	0	22128		0
	chrUn_KN149826v1	0	90482		0
	chrUn_KN149827v1	0	13555		0
	chrUn_KN149828v1	0	11414		0
	chrUn_KN149829v1	0	27323		0
	chrUn_KN149830v1	0	32768		0
	chrUn_KN149831v1	0	50343		0
	chrUn_KN149832v1	0	12483		0
	chrUn_KN149833v1	0	2778		0
	chrUn_KN149834v1	0	17343		0
	chrUn_KN149835v1	0	25861		0
	chrUn_KN149836v1	0	34954		0
	chrUn_KN149837v1	0	8007		0
	chrUn_KN149838v1	0	29025		0
	chrUn_KN149839v1	0	12998		0
	chrUn_KN149840v1	0	46864		0
	chrUn_KN149841v1	0	10085		0
	chrUn_KN149842v1	0	17614		0
	chrUn_KN149843v1	0	33258		0
	chrUn_KN149844v1	0	10201		0
	chrUn_KN149845v1	0	3367		0
	chrUn_KN149846v1	0	28664		0
	chrUn_KN149847v1	0	130903		0
	chrUn_KN149848v1	0	10341		0
	chrUn_KN149849v1	0	20421		0
	chrUn_KN149850v1	0	33401		0
	chrUn_KN149851v1	0	12094		0
	chrUn_KN149852v1	0	30223		0
	chrUn_KN149853v1	0	12817		0
	chrUn_KN149854v1	0	6367		0
	chrUn_KN149855v1	0	23165		0
	chrUn_KN149856v1	0	35330		0
	chrUn_KN149857v1	0	10132		0
	chrUn_KN149858v1	0	44054		0
	chrUn_KN149859v1	0	53306		0
	chrUn_KN149860v1	0	17408		0
	chrUn_KN149861v1	0	14336		0
	chrUn_KN149862v1	0	11987		0
	chrUn_KN149863v1	0	11955		0
	chrUn_KN149864v1	0	12929		0
	chrUn_KN149865v1	0	49167		0
	chrUn_KN149866v1	0	14752		0
	chrUn_KN149867v1	0	1514		0
	chrUn_KN149868v1	0	50629		0
	chrUn_KN149869v1	0	21474		0
	chrUn_KN149870v1	0	44680		0
	chrUn_KN149871v1	0	22553		0
	chrUn_KN149872v1	0	12222		0
	chrUn_KN149873v1	0	1146		0
	chrUn_KN149874v1	0	5295		0
	chrUn_KN149875v1	0	13354		0
	chrUn_KN149876v1	0	11298		0
	chrUn_KN149877v1	0	30410		0
	chrUn_KN149878v1	0	7547		0
	chrUn_KN149879v1	0	11893		0
	chrUn_KN149880v1	0	64889		0
	chrUn_KN149881v1	0	10736		0
	chrUn_KN149882v1	0	7649		0
	chrUn_KN149883v1	0	12434		0
	chrUn_KN149884v1	0	51715		0
	chrUn_KN149885v1	0	1347		0
	chrUn_KN149886v1	0	1633		0
	chrUn_KN149887v1	0	11971		0
	chrUn_KN149888v1	0	17117		0
	chrUn_KN149889v1	0	10166		0
	chrUn_KN149890v1	0	12029		0
	chrUn_KN149891v1	0	10762		0
	chrUn_KN149892v1	0	24638		0
	chrUn_KN149893v1	0	27995		0
	chrUn_KN149894v1	0	15058		0
	chrUn_KN149895v1	0	92930		0
	chrUn_KN149896v1	0	13102		0
	chrUn_KN149897v1	0	14044		0
	chrUn_KN149898v1	0	4537		0
	chrUn_KN149899v1	0	13632		0
	chrUn_KN149900v1	0	11016		0
	chrUn_KN149901v1	0	10512		0
	chrUn_KN149902v1	0	16044		0
	chrUn_KN149903v1	0	11318		0
	chrUn_KN149904v1	0	89156		0
	chrUn_KN149905v1	0	14056		0
	chrUn_KN149906v1	0	38987		0
	chrUn_KN149907v1	0	9870		0
	chrUn_KN149908v1	0	12800		0
	chrUn_KN149909v1	0	40056		0
	chrUn_KN149910v1	0	142061		0
	chrUn_KN149911v1	0	11128		0
	chrUn_KN149912v1	0	77979		0
	chrUn_KN149913v1	0	16487		0
	chrUn_KN149914v1	0	18241		0
	chrUn_KN149915v1	0	10395		0
	chrUn_KN149916v1	0	4293		0
	chrUn_KN149917v1	0	3831		0
	chrUn_KN149918v1	0	6170		0
	chrUn_KN149919v1	0	21073		0
	chrUn_KN149920v1	0	18168		0
	chrUn_KN149921v1	0	28254		0
	chrUn_KN149922v1	0	12529		0
	chrUn_KN149923v1	0	36729		0
	chrUn_KN149924v1	0	23395		0
	chrUn_KN149925v1	0	29860		0
	chrUn_KN149926v1	0	3688		0
	chrUn_KN149927v1	0	11950		0
	chrUn_KN149928v1	0	14297		0
	chrUn_KN149929v1	0	38097		0
	chrUn_KN149930v1	0	98773		0
	chrUn_KN149931v1	0	6703		0
	chrUn_KN149932v1	0	89521		0
	chrUn_KN149933v1	0	13433		0
	chrUn_KN149934v1	0	12451		0
	chrUn_KN149935v1	0	9230		0
	chrUn_KN149936v1	0	16058		0
	chrUn_KN149937v1	0	14110		0
	chrUn_KN149938v1	0	12455		0
	chrUn_KN149939v1	0	76611		0
	chrUn_KN149940v1	0	11887		0
	chrUn_KN149941v1	0	13607		0
	chrUn_KN149942v1	0	9522		0
	chrUn_KN149943v1	0	29608		0
	chrUn_KN149944v1	0	24909		0
	chrUn_KN149945v1	0	9994		0
	chrUn_KN149946v1	0	33071		0
	chrUn_KN149947v1	0	23293		0
	chrUn_KN149948v1	0	117499		0
	chrUn_KN149949v1	0	64126		0
	chrUn_KN149950v1	0	5952		0
	chrUn_KN149951v1	0	5000		0
	chrUn_KN149952v1	0	66365		0
	chrUn_KN149953v1	0	46218		0
	chrUn_KN149954v1	0	1953		0
	chrUn_KN149955v1	0	19758		0
	chrUn_KN149956v1	0	1889		0
	chrUn_KN149957v1	0	1094		0
	chrUn_KN149958v1	0	43073		0
	chrUn_KN149959v1	0	59274		0
	chrUn_KN149960v1	0	9235		0
	chrUn_KN149961v1	0	20600		0
	chrUn_KN149962v1	0	136181		0
	chrUn_KN149963v1	0	83881		0
	chrUn_KN149964v1	0	11592		0
	chrUn_KN149965v1	0	14790		0
	chrUn_KN149966v1	0	131566		0
	chrUn_KN149967v1	0	8612		0
	chrUn_KN149968v1	0	82990		0
	chrUn_KN149969v1	0	13714		0
	chrUn_KN149970v1	0	17511		0
	chrUn_KN149971v1	0	11275		0
	chrUn_KN149972v1	0	1358		0
	chrUn_KN149973v1	0	35555		0
	chrUn_KN149974v1	0	19596		0
	chrUn_KN149975v1	0	2035		0
	chrUn_KN149976v1	0	11858		0
	chrUn_KN149977v1	0	20138		0
	chrUn_KN149978v1	0	16801		0
	chrUn_KN149979v1	0	22834		0
	chrUn_KN149980v1	0	7980		0
	chrUn_KN149981v1	0	12811		0
	chrUn_KN149982v1	0	31814		0
	chrUn_KN149983v1	0	17884		0
	chrUn_KN149984v1	0	96477		0
	chrUn_KN149985v1	0	1354		0
	chrUn_KN149986v1	0	8801		0
	chrUn_KN149987v1	0	38433		0
	chrUn_KN149988v1	0	9944		0
	chrUn_KN149989v1	0	34480		0
	chrUn_KN149990v1	0	57651		0
	chrUn_KN149991v1	0	9871		0
	chrUn_KN149992v1	0	57912		0
	chrUn_KN149993v1	0	16921		0
	chrUn_KN149994v1	0	1137		0
	chrUn_KN149995v1	0	12015		0
	chrUn_KN149996v1	0	33528		0
	chrUn_KN149997v1	0	6296		0
	chrUn_KN149998v1	0	74724		0
	chrUn_KN149999v1	0	14071		0
	chrUn_KN150000v1	0	69737		0
	chrUn_KN150001v1	0	28767		0
	chrUn_KN150002v1	0	17430		0
	chrUn_KN150003v1	0	19572		0
	chrUn_KN150004v1	0	11444		0
	chrUn_KN150005v1	0	34409		0
	chrUn_KN150006v1	0	10518		0
	chrUn_KN150007v1	0	13072		0
	chrUn_KN150008v1	0	15572		0
	chrUn_KN150009v1	0	17727		0
	chrUn_KN150010v1	0	14703		0
	chrUn_KN150011v1	0	12995		0
	chrUn_KN150012v1	0	11998		0
	chrUn_KN150013v1	0	8488		0
	chrUn_KN150014v1	0	13588		0
	chrUn_KN150015v1	0	33441		0
	chrUn_KN150016v1	0	21592		0
	chrUn_KN150017v1	0	25636		0
	chrUn_KN150018v1	0	1063		0
	chrUn_KN150019v1	0	28998		0
	chrUn_KN150020v1	0	11925		0
	chrUn_KN150021v1	0	103967		0
	chrUn_KN150022v1	0	76538		0
	chrUn_KN150023v1	0	22153		0
	chrUn_KN150024v1	0	1714		0
	chrUn_KN150025v1	0	26343		0
	chrUn_KN150026v1	0	1755		0
	chrUn_KN150027v1	0	2148		0
	chrUn_KN150028v1	0	19517		0
	chrUn_KN150029v1	0	12415		0
	chrUn_KN150030v1	0	57074		0
	chrUn_KN150031v1	0	60899		0
	chrUn_KN150032v1	0	29546		0
	chrUn_KN150033v1	0	56448		0
	chrUn_KN150034v1	0	1919		0
	chrUn_KN150035v1	0	38086		0
	chrUn_KN150036v1	0	4412		0
	chrUn_KN150037v1	0	2866		0
	chrUn_KN150038v1	0	71326		0
	chrUn_KN150039v1	0	3463		0
	chrUn_KN150040v1	0	19896		0
	chrUn_KN150041v1	0	58003		0
	chrUn_KN150042v1	0	30789		0
	chrUn_KN150043v1	0	31984		0
	chrUn_KN150044v1	0	9097		0
	chrUn_KN150045v1	0	23207		0
	chrUn_KN150046v1	0	148772		0
	chrUn_KN150047v1	0	20749		0
	chrUn_KN150048v1	0	128109		0
	chrUn_KN150049v1	0	45008		0
	chrUn_KN150050v1	0	8203		0
	chrUn_KN150051v1	0	1995		0
	chrUn_KN150052v1	0	15943		0
	chrUn_KN150053v1	0	32328		0
	chrUn_KN150054v1	0	16143		0
	chrUn_KN150055v1	0	32561		0
	chrUn_KN150056v1	0	29449		0
	chrUn_KN150057v1	0	10736		0
	chrUn_KN150058v1	0	21348		0
	chrUn_KN150059v1	0	16588		0
	chrUn_KN150060v1	0	80234		0
	chrUn_KN150061v1	0	24048		0
	chrUn_KN150062v1	0	35038		0
	chrUn_KN150063v1	0	20846		0
	chrUn_KN150064v1	0	14598		0
	chrUn_KN150065v1	0	9859		0
	chrUn_KN150066v1	0	29537		0
	chrUn_KN150067v1	0	27325		0
	chrUn_KN150068v1	0	62725		0
	chrUn_KN150069v1	0	12799		0
	chrUn_KN150070v1	0	14070		0
	chrUn_KN150071v1	0	14960		0
	chrUn_KN150072v1	0	13309		0
	chrUn_KN150073v1	0	14052		0
	chrUn_KN150074v1	0	28653		0
	chrUn_KN150075v1	0	13883		0
	chrUn_KN150076v1	0	14425		0
	chrUn_KN150077v1	0	51360		0
	chrUn_KN150078v1	0	12098		0
	chrUn_KN150079v1	0	46800		0
	chrUn_KN150080v1	0	37662		0
	chrUn_KN150081v1	0	12836		0
	chrUn_KN150082v1	0	8788		0
	chrUn_KN150083v1	0	49514		0
	chrUn_KN150084v1	0	24192		0
	chrUn_KN150085v1	0	29177		0
	chrUn_KN150086v1	0	1639		0
	chrUn_KN150087v1	0	11020		0
	chrUn_KN150088v1	0	24203		0
	chrUn_KN150089v1	0	13104		0
	chrUn_KN150090v1	0	12028		0
	chrUn_KN150091v1	0	36410		0
	chrUn_KN150092v1	0	14544		0
	chrUn_KN150093v1	0	14738		0
	chrUn_KN150094v1	0	7824		0
	chrUn_KN150095v1	0	9204		0
	chrUn_KN150096v1	0	11550		0
	chrUn_KN150097v1	0	11690		0
	chrUn_KN150098v1	0	68279		0
	chrUn_KN150099v1	0	79937		0
	chrUn_KN150100v1	0	9237		0
	chrUn_KN150101v1	0	25174		0
	chrUn_KN150102v1	0	34431		0
	chrUn_KN150103v1	0	4090		0
	chrUn_KN150104v1	0	53188		0
	chrUn_KN150105v1	0	58062		0
	chrUn_KN150106v1	0	56524		0
	chrUn_KN150107v1	0	78223		0
	chrUn_KN150108v1	0	19459		0
	chrUn_KN150109v1	0	5564		0
	chrUn_KN150110v1	0	9804		0
	chrUn_KN150111v1	0	29931		0
	chrUn_KN150112v1	0	3423		0
	chrUn_KN150113v1	0	19310		0
	chrUn_KN150114v1	0	24178		0
	chrUn_KN150115v1	0	18676		0
	chrUn_KN150116v1	0	15497		0
	chrUn_KN150117v1	0	48543		0
	chrUn_KN150118v1	0	54494		0
	chrUn_KN150119v1	0	1143		0
	chrUn_KN150120v1	0	27511		0
	chrUn_KN150121v1	0	8447		0
	chrUn_KN150122v1	0	67534		0
	chrUn_KN150123v1	0	51978		0
	chrUn_KN150124v1	0	27208		0
	chrUn_KN150125v1	0	83315		0
	chrUn_KN150126v1	0	24847		0
	chrUn_KN150127v1	0	33302		0
	chrUn_KN150128v1	0	12262		0
	chrUn_KN150129v1	0	107891		0
	chrUn_KN150130v1	0	9925		0
	chrUn_KN150131v1	0	70868		0
	chrUn_KN150132v1	0	13999		0
	chrUn_KN150133v1	0	82225		0
	chrUn_KN150134v1	0	29067		0
	chrUn_KN150135v1	0	6944		0
	chrUn_KN150136v1	0	49373		0
	chrUn_KN150137v1	0	36779		0
	chrUn_KN150138v1	0	14383		0
	chrUn_KN150139v1	0	16647		0
	chrUn_KN150140v1	0	32180		0
	chrUn_KN150141v1	0	17117		0
	chrUn_KN150142v1	0	16050		0
	chrUn_KN150143v1	0	4977		0
	chrUn_KN150144v1	0	14974		0
	chrUn_KN150145v1	0	9970		0
	chrUn_KN150146v1	0	9714		0
	chrUn_KN150147v1	0	7977		0
	chrUn_KN150148v1	0	44589		0
	chrUn_KN150149v1	0	3784		0
	chrUn_KN150150v1	0	9780		0
	chrUn_KN150151v1	0	27317		0
	chrUn_KN150152v1	0	9348		0
	chrUn_KN150153v1	0	1545		0
	chrUn_KN150154v1	0	21695		0
	chrUn_KN150155v1	0	10282		0
	chrUn_KN150156v1	0	33247		0
	chrUn_KN150157v1	0	18756		0
	chrUn_KN150158v1	0	106536		0
	chrUn_KN150159v1	0	35229		0
	chrUn_KN150160v1	0	17824		0
	chrUn_KN150161v1	0	12647		0
	chrUn_KN150162v1	0	10930		0
	chrUn_KN150163v1	0	1082		0
	chrUn_KN150164v1	0	11300		0
	chrUn_KN150165v1	0	32739		0
	chrUn_KN150166v1	0	49457		0
	chrUn_KN150167v1	0	13466		0
	chrUn_KN150168v1	0	28382		0
	chrUn_KN150169v1	0	7260		0
	chrUn_KN150170v1	0	55716		0
	chrUn_KN150171v1	0	140649		0
	chrUn_KN150172v1	0	40634		0
	chrUn_KN150173v1	0	50946		0
	chrUn_KN150174v1	0	13450		0
	chrUn_KN150175v1	0	24612		0
	chrUn_KN150176v1	0	69061		0
	chrUn_KN150177v1	0	21670		0
	chrUn_KN150178v1	0	28040		0
	chrUn_KN150179v1	0	47473		0
	chrUn_KN150180v1	0	1872		0
	chrUn_KN150181v1	0	32761		0
	chrUn_KN150182v1	0	11735		0
	chrUn_KN150183v1	0	22266		0
	chrUn_KN150184v1	0	16312		0
	chrUn_KN150185v1	0	8651		0
	chrUn_KN150186v1	0	23923		0
	chrUn_KN150187v1	0	19179		0
	chrUn_KN150188v1	0	9856		0
	chrUn_KN150189v1	0	38868		0
	chrUn_KN150190v1	0	11399		0
	chrUn_KN150191v1	0	42303		0
	chrUn_KN150192v1	0	1918		0
	chrUn_KN150193v1	0	12580		0
	chrUn_KN150194v1	0	13629		0
	chrUn_KN150195v1	0	18921		0
	chrUn_KN150196v1	0	89077		0
	chrUn_KN150197v1	0	14532		0
	chrUn_KN150198v1	0	18196		0
	chrUn_KN150199v1	0	16564		0
	chrUn_KN150200v1	0	31861		0
	chrUn_KN150201v1	0	9480		0
	chrUn_KN150202v1	0	15451		0
	chrUn_KN150203v1	0	24004		0
	chrUn_KN150204v1	0	95149		0
	chrUn_KN150205v1	0	2620		0
	chrUn_KN150206v1	0	2052		0
	chrUn_KN150207v1	0	117821		0
	chrUn_KN150208v1	0	33163		0
	chrUn_KN150209v1	0	4398		0
	chrUn_KN150210v1	0	12550		0
	chrUn_KN150211v1	0	16386		0
	chrUn_KN150212v1	0	18932		0
	chrUn_KN150213v1	0	16101		0
	chrUn_KN150214v1	0	162877		0
	chrUn_KN150215v1	0	1237		0
	chrUn_KN150216v1	0	1020		0
	chrUn_KN150217v1	0	13840		0
	chrUn_KN150218v1	0	15354		0
	chrUn_KN150219v1	0	16672		0
	chrUn_KN150220v1	0	29625		0
	chrUn_KN150221v1	0	28122		0
	chrUn_KN150222v1	0	110669		0
	chrUn_KN150223v1	0	1141		0
	chrUn_KN150224v1	0	24154		0
	chrUn_KN150225v1	0	20429		0
	chrUn_KN150226v1	0	25293		0
	chrUn_KN150227v1	0	31979		0
	chrUn_KN150228v1	0	17061		0
	chrUn_KN150229v1	0	1251		0
	chrUn_KN150230v1	0	149710		0
	chrUn_KN150231v1	0	2322		0
	chrUn_KN150232v1	0	53540		0
	chrUn_KN150233v1	0	2246		0
	chrUn_KN150234v1	0	18511		0
	chrUn_KN150235v1	0	13664		0
	chrUn_KN150236v1	0	19315		0
	chrUn_KN150237v1	0	1732		0
	chrUn_KN150238v1	0	9450		0
	chrUn_KN150239v1	0	33607		0
	chrUn_KN150240v1	0	31723		0
	chrUn_KN150241v1	0	60821		0
	chrUn_KN150242v1	0	20063		0
	chrUn_KN150243v1	0	44953		0
	chrUn_KN150244v1	0	42860		0
	chrUn_KN150245v1	0	8814		0
	chrUn_KN150246v1	0	15365		0
	chrUn_KN150247v1	0	728		0
	chrUn_KN150248v1	0	18273		0
	chrUn_KN150249v1	0	12261		0
	chrUn_KN150250v1	0	13560		0
	chrUn_KN150251v1	0	26988		0
	chrUn_KN150252v1	0	43133		0
	chrUn_KN150253v1	0	3149		0
	chrUn_KN150254v1	0	12144		0
	chrUn_KN150255v1	0	36661		0
	chrUn_KN150256v1	0	17390		0
	chrUn_KN150257v1	0	12735		0
	chrUn_KN150258v1	0	95885		0
	chrUn_KN150259v1	0	50098		0
	chrUn_KN150260v1	0	12318		0
	chrUn_KN150261v1	0	5601		0
	chrUn_KN150262v1	0	81659		0
	chrUn_KN150263v1	0	31336		0
	chrUn_KN150264v1	0	16955		0
	chrUn_KN150265v1	0	51555		0
	chrUn_KN150266v1	0	78263		0
	chrUn_KN150267v1	0	77778		0
	chrUn_KN150268v1	0	15280		0
	chrUn_KN150269v1	0	48062		0
	chrUn_KN150270v1	0	22285		0
	chrUn_KN150271v1	0	12637		0
	chrUn_KN150272v1	0	34295		0
	chrUn_KN150273v1	0	81940		0
	chrUn_KN150274v1	0	12247		0
	chrUn_KN150275v1	0	13800		0
	chrUn_KN150276v1	0	12942		0
	chrUn_KN150277v1	0	1954		0
	chrUn_KN150278v1	0	30978		0
	chrUn_KN150279v1	0	11402		0
	chrUn_KN150280v1	0	10487		0
	chrUn_KN150281v1	0	3763		0
	chrUn_KN150282v1	0	23758		0
	chrUn_KN150283v1	0	13933		0
	chrUn_KN150284v1	0	18131		0
	chrUn_KN150285v1	0	25361		0
	chrUn_KN150286v1	0	9068		0
	chrUn_KN150287v1	0	11856		0
	chrUn_KN150288v1	0	12496		0
	chrUn_KN150289v1	0	22206		0
	chrUn_KN150290v1	0	18248		0
	chrUn_KN150291v1	0	25796		0
	chrUn_KN150292v1	0	9984		0
	chrUn_KN150293v1	0	40764		0
	chrUn_KN150294v1	0	1627		0
	chrUn_KN150295v1	0	5486		0
	chrUn_KN150296v1	0	10238		0
	chrUn_KN150297v1	0	23472		0
	chrUn_KN150298v1	0	1322		0
	chrUn_KN150299v1	0	23511		0
	chrUn_KN150300v1	0	9489		0
	chrUn_KN150301v1	0	18664		0
	chrUn_KN150302v1	0	13538		0
	chrUn_KN150303v1	0	39288		0
	chrUn_KN150304v1	0	10004		0
	chrUn_KN150305v1	0	23261		0
	chrUn_KN150306v1	0	36728		0
	chrUn_KN150307v1	0	9167		0
	chrUn_KN150308v1	0	18907		0
	chrUn_KN150309v1	0	20999		0
	chrUn_KN150310v1	0	20509		0
	chrUn_KN150311v1	0	15747		0
	chrUn_KN150312v1	0	17282		0
	chrUn_KN150313v1	0	20655		0
	chrUn_KN150314v1	0	12455		0
	chrUn_KN150315v1	0	20424		0
	chrUn_KN150316v1	0	11489		0
	chrUn_KN150317v1	0	14866		0
	chrUn_KN150318v1	0	2580		0
	chrUn_KN150319v1	0	15807		0
	chrUn_KN150320v1	0	1241		0
	chrUn_KN150321v1	0	3079		0
	chrUn_KN150322v1	0	19644		0
	chrUn_KN150323v1	0	18137		0
	chrUn_KN150324v1	0	24032		0
	chrUn_KN150325v1	0	19525		0
	chrUn_KN150326v1	0	109565		0
	chrUn_KN150327v1	0	19949		0
	chrUn_KN150328v1	0	17410		0
	chrUn_KN150329v1	0	13297		0
	chrUn_KN150330v1	0	28440		0
	chrUn_KN150331v1	0	44968		0
	chrUn_KN150332v1	0	22862		0
	chrUn_KN150333v1	0	12275		0
	chrUn_KN150334v1	0	22542		0
	chrUn_KN150335v1	0	44504		0
	chrUn_KN150336v1	0	48672		0
	chrUn_KN150337v1	0	20260		0
	chrUn_KN150338v1	0	1142		0
	chrUn_KN150339v1	0	75108		0
	chrUn_KN150340v1	0	28741		0
	chrUn_KN150341v1	0	31147		0
	chrUn_KN150342v1	0	82590		0
	chrUn_KN150343v1	0	26928		0
	chrUn_KN150344v1	0	19681		0
	chrUn_KN150345v1	0	17012		0
	chrUn_KN150346v1	0	70538		0
	chrUn_KN150347v1	0	51528		0
	chrUn_KN150348v1	0	42704		0
	chrUn_KN150349v1	0	29114		0
	chrUn_KN150350v1	0	9245		0
	chrUn_KN150351v1	0	49608		0
	chrUn_KN150352v1	0	15907		0
	chrUn_KN150353v1	0	19631		0
	chrUn_KN150354v1	0	1452		0
	chrUn_KN150355v1	0	6731		0
	chrUn_KN150356v1	0	1177		0
	chrUn_KN150357v1	0	27326		0
	chrUn_KN150358v1	0	9951		0
	chrUn_KN150359v1	0	71383		0
	chrUn_KN150360v1	0	15639		0
	chrUn_KN150361v1	0	53624		0
	chrUn_KN150362v1	0	17145		0
	chrUn_KN150363v1	0	22766		0
	chrUn_KN150364v1	0	15084		0
	chrUn_KN150365v1	0	10769		0
	chrUn_KN150366v1	0	10057		0
	chrUn_KN150367v1	0	1114		0
	chrUn_KN150368v1	0	18491		0
	chrUn_KN150369v1	0	11460		0
	chrUn_KN150370v1	0	1323		0
	chrUn_KN150371v1	0	13836		0
	chrUn_KN150372v1	0	29560		0
	chrUn_KN150373v1	0	13130		0
	chrUn_KN150374v1	0	9775		0
	chrUn_KN150375v1	0	111208		0
	chrUn_KN150376v1	0	39971		0
	chrUn_KN150377v1	0	5727		0
	chrUn_KN150378v1	0	4206		0
	chrUn_KN150379v1	0	29907		0
	chrUn_KN150380v1	0	12144		0
	chrUn_KN150381v1	0	8595		0
	chrUn_KN150382v1	0	14074		0
	chrUn_KN150383v1	0	7777		0
	chrUn_KN150384v1	0	22969		0
	chrUn_KN150385v1	0	37055		0
	chrUn_KN150386v1	0	35900		0
	chrUn_KN150387v1	0	15215		0
	chrUn_KN150388v1	0	22284		0
	chrUn_KN150389v1	0	10334		0
	chrUn_KN150390v1	0	19066		0
	chrUn_KN150391v1	0	26543		0
	chrUn_KN150392v1	0	12069		0
	chrUn_KN150393v1	0	12073		0
	chrUn_KN150394v1	0	17139		0
	chrUn_KN150395v1	0	9792		0
	chrUn_KN150396v1	0	8176		0
	chrUn_KN150397v1	0	17295		0
	chrUn_KN150398v1	0	39557		0
	chrUn_KN150399v1	0	19362		0
	chrUn_KN150400v1	0	34930		0
	chrUn_KN150401v1	0	10081		0
	chrUn_KN150402v1	0	47971		0
	chrUn_KN150403v1	0	34697		0
	chrUn_KN150404v1	0	18160		0
	chrUn_KN150405v1	0	76919		0
	chrUn_KN150406v1	0	17215		0
	chrUn_KN150407v1	0	31814		0
	chrUn_KN150408v1	0	37191		0
	chrUn_KN150409v1	0	1729		0
	chrUn_KN150410v1	0	14841		0
	chrUn_KN150411v1	0	20886		0
	chrUn_KN150412v1	0	9605		0
	chrUn_KN150413v1	0	15078		0
	chrUn_KN150414v1	0	35871		0
	chrUn_KN150415v1	0	70574		0
	chrUn_KN150416v1	0	33835		0
	chrUn_KN150417v1	0	2254		0
	chrUn_KN150418v1	0	14930		0
	chrUn_KN150419v1	0	14114		0
	chrUn_KN150420v1	0	14290		0
	chrUn_KN150421v1	0	14951		0
	chrUn_KN150422v1	0	15053		0
	chrUn_KN150423v1	0	15221		0
	chrUn_KN150424v1	0	11928		0
	chrUn_KN150425v1	0	110593		0
	chrUn_KN150426v1	0	21499		0
	chrUn_KN150427v1	0	45580		0
	chrUn_KN150428v1	0	29216		0
	chrUn_KN150429v1	0	17683		0
	chrUn_KN150430v1	0	16452		0
	chrUn_KN150431v1	0	89659		0
	chrUn_KN150432v1	0	91010		0
	chrUn_KN150433v1	0	8322		0
	chrUn_KN150434v1	0	12053		0
	chrUn_KN150435v1	0	123991		0
	chrUn_KN150436v1	0	17739		0
	chrUn_KN150437v1	0	1262		0
	chrUn_KN150438v1	0	7619		0
	chrUn_KN150439v1	0	10343		0
	chrUn_KN150440v1	0	1193		0
	chrUn_KN150441v1	0	12439		0
	chrUn_KN150442v1	0	67738		0
	chrUn_KN150443v1	0	11834		0
	chrUn_KN150444v1	0	11830		0
	chrUn_KN150445v1	0	12072		0
	chrUn_KN150446v1	0	12446		0
	chrUn_KN150447v1	0	6779		0
	chrUn_KN150448v1	0	3709		0
	chrUn_KN150449v1	0	62607		0
	chrUn_KN150450v1	0	25362		0
	chrUn_KN150451v1	0	14920		0
	chrUn_KN150452v1	0	8345		0
	chrUn_KN150453v1	0	13591		0
	chrUn_KN150454v1	0	18479		0
	chrUn_KN150455v1	0	73536		0
	chrUn_KN150456v1	0	76246		0
	chrUn_KN150457v1	0	1076		0
	chrUn_KN150458v1	0	17481		0
	chrUn_KN150459v1	0	45603		0
	chrUn_KN150460v1	0	266772		0
	chrUn_KN150461v1	0	1000		0
	chrUn_KN150462v1	0	24623		0
	chrUn_KN150463v1	0	29963		0
	chrUn_KN150464v1	0	24865		0
	chrUn_KN150465v1	0	1765		0
	chrUn_KN150466v1	0	41319		0
	chrUn_KN150467v1	0	11202		0
	chrUn_KN150468v1	0	25381		0
	chrUn_KN150469v1	0	14614		0
	chrUn_KN150470v1	0	2027		0
	chrUn_KN150471v1	0	76663		0
	chrUn_KN150472v1	0	14586		0
	chrUn_KN150473v1	0	1285		0
	chrUn_KN150474v1	0	312116		0
	chrUn_KN150475v1	0	17517		0
	chrUn_KN150476v1	0	59211		0
	chrUn_KN150477v1	0	61693		0
	chrUn_KN150478v1	0	25813		0
	chrUn_KN150479v1	0	48186		0
	chrUn_KN150480v1	0	1422		0
	chrUn_KN150481v1	0	1008		0
	chrUn_KN150482v1	0	14895		0
	chrUn_KN150483v1	0	17332		0
	chrUn_KN150484v1	0	14965		0
	chrUn_KN150485v1	0	7348		0
	chrUn_KN150486v1	0	8572		0
	chrUn_KN150487v1	0	123701		0
	chrUn_KN150488v1	0	17582		0
	chrUn_KN150489v1	0	26739		0
	chrUn_KN150490v1	0	23057		0
	chrUn_KN150491v1	0	13001		0
	chrUn_KN150492v1	0	31617		0
	chrUn_KN150493v1	0	35575		0
	chrUn_KN150494v1	0	10108		0
	chrUn_KN150495v1	0	28160		0
	chrUn_KN150496v1	0	21062		0
	chrUn_KN150497v1	0	46188		0
	chrUn_KN150498v1	0	34205		0
	chrUn_KN150499v1	0	11840		0
	chrUn_KN150500v1	0	19866		0
	chrUn_KN150501v1	0	22392		0
	chrUn_KN150502v1	0	13027		0
	chrUn_KN150503v1	0	1834		0
	chrUn_KN150504v1	0	12094		0
	chrUn_KN150505v1	0	39265		0
	chrUn_KN150506v1	0	14319		0
	chrUn_KN150507v1	0	12629		0
	chrUn_KN150508v1	0	26814		0
	chrUn_KN150509v1	0	11846		0
	chrUn_KN150510v1	0	13237		0
	chrUn_KN150511v1	0	38183		0
	chrUn_KN150512v1	0	14003		0
	chrUn_KN150513v1	0	10220		0
	chrUn_KN150514v1	0	19391		0
	chrUn_KN150515v1	0	1813		0
	chrUn_KN150516v1	0	49339		0
	chrUn_KN150517v1	0	16171		0
	chrUn_KN150518v1	0	40394		0
	chrUn_KN150519v1	0	11974		0
	chrUn_KN150520v1	0	103159		0
	chrUn_KN150521v1	0	20896		0
	chrUn_KN150522v1	0	12046		0
	chrUn_KN150523v1	0	19004		0
	chrUn_KN150524v1	0	9948		0
	chrUn_KN150525v1	0	650		0
	chrUn_KN150526v1	0	15513		0
	chrUn_KN150527v1	0	20880		0
	chrUn_KN150528v1	0	13138		0
	chrUn_KN150529v1	0	81946		0
	chrUn_KN150530v1	0	7299		0
	chrUn_KN150531v1	0	15090		0
	chrUn_KN150532v1	0	21602		0
	chrUn_KN150533v1	0	1222		0
	chrUn_KN150534v1	0	17661		0
	chrUn_KN150535v1	0	2315		0
	chrUn_KN150536v1	0	17908		0
	chrUn_KN150537v1	0	27568		0
	chrUn_KN150538v1	0	12119		0
	chrUn_KN150539v1	0	23246		0
	chrUn_KN150540v1	0	15288		0
	chrUn_KN150541v1	0	12323		0
	chrUn_KN150542v1	0	12167		0
	chrUn_KN150543v1	0	2343		0
	chrUn_KN150544v1	0	1198		0
	chrUn_KN150545v1	0	17546		0
	chrUn_KN150546v1	0	10851		0
	chrUn_KN150547v1	0	37420		0
	chrUn_KN150548v1	0	46061		0
	chrUn_KN150549v1	0	17599		0
	chrUn_KN150550v1	0	14915		0
	chrUn_KN150551v1	0	9435		0
	chrUn_KN150552v1	0	74050		0
	chrUn_KN150553v1	0	14032		0
	chrUn_KN150554v1	0	9251		0
	chrUn_KN150555v1	0	9941		0
	chrUn_KN150556v1	0	9286		0
	chrUn_KN150557v1	0	41459		0
	chrUn_KN150558v1	0	12115		0
	chrUn_KN150559v1	0	26580		0
	chrUn_KN150560v1	0	2301		0
	chrUn_KN150561v1	0	22238		0
	chrUn_KN150562v1	0	22875		0
	chrUn_KN150563v1	0	11540		0
	chrUn_KN150564v1	0	17709		0
	chrUn_KN150565v1	0	20464		0
	chrUn_KN150566v1	0	39318		0
	chrUn_KN150567v1	0	49566		0
	chrUn_KN150568v1	0	108195		0
	chrUn_KN150569v1	0	24359		0
	chrUn_KN150570v1	0	42279		0
	chrUn_KN150571v1	0	16505		0
	chrUn_KN150572v1	0	28871		0
	chrUn_KN150573v1	0	26604		0
	chrUn_KN150574v1	0	18499		0
	chrUn_KN150575v1	0	11084		0
	chrUn_KN150576v1	0	36129		0
	chrUn_KN150577v1	0	13719		0
	chrUn_KN150578v1	0	103698		0
	chrUn_KN150579v1	0	23586		0
	chrUn_KN150580v1	0	32349		0
	chrUn_KN150581v1	0	12355		0
	chrUn_KN150582v1	0	12396		0
	chrUn_KN150583v1	0	1918		0
	chrUn_KN150584v1	0	51535		0
	chrUn_KN150585v1	0	12430		0
	chrUn_KN150586v1	0	17388		0
	chrUn_KN150587v1	0	8461		0
	chrUn_KN150588v1	0	14103		0
	chrUn_KN150589v1	0	18957		0
	chrUn_KN150590v1	0	5798		0
	chrUn_KN150591v1	0	8817		0
	chrUn_KN150592v1	0	50000		0
	chrUn_KN150593v1	0	14353		0
	chrUn_KN150594v1	0	19382		0
	chrUn_KN150595v1	0	12507		0
	chrUn_KN150596v1	0	60847		0
	chrUn_KN150597v1	0	2137		0
	chrUn_KN150598v1	0	12499		0
	chrUn_KN150599v1	0	19019		0
	chrUn_KN150600v1	0	32636		0
	chrUn_KN150601v1	0	11167		0
	chrUn_KN150602v1	0	22730		0
	chrUn_KN150603v1	0	98280		0
	chrUn_KN150604v1	0	25236		0
	chrUn_KN150605v1	0	102574		0
	chrUn_KN150606v1	0	51696		0
	chrUn_KN150607v1	0	9531		0
	chrUn_KN150608v1	0	149650		0
	chrUn_KN150609v1	0	37413		0
	chrUn_KN150610v1	0	10565		0
	chrUn_KN150611v1	0	1697		0
	chrUn_KN150612v1	0	2865		0
	chrUn_KN150613v1	0	15739		0
	chrUn_KN150614v1	0	9019		0
	chrUn_KN150615v1	0	9878		0
	chrUn_KN150616v1	0	88699		0
	chrUn_KN150617v1	0	90208		0
	chrUn_KN150618v1	0	64127		0
	chrUn_KN150619v1	0	41925		0
	chrUn_KN150620v1	0	30729		0
	chrUn_KN150621v1	0	1204		0
	chrUn_KN150622v1	0	15811		0
	chrUn_KN150623v1	0	1126		0
	chrUn_KN150624v1	0	18713		0
	chrUn_KN150625v1	0	22486		0
	chrUn_KN150626v1	0	32850		0
	chrUn_KN150627v1	0	26060		0
	chrUn_KN150628v1	0	33906		0
	chrUn_KN150629v1	0	19604		0
	chrUn_KN150630v1	0	86421		0
	chrUn_KN150631v1	0	36324		0
	chrUn_KN150632v1	0	11627		0
	chrUn_KN150633v1	0	19558		0
	chrUn_KN150634v1	0	16020		0
	chrUn_KN150635v1	0	27947		0
	chrUn_KN150636v1	0	20513		0
	chrUn_KN150637v1	0	39689		0
	chrUn_KN150638v1	0	39727		0
	chrUn_KN150639v1	0	27620		0
	chrUn_KN150640v1	0	20890		0
	chrUn_KN150641v1	0	14778		0
	chrUn_KN150642v1	0	55536		0
	chrUn_KN150643v1	0	28088		0
	chrUn_KN150644v1	0	20534		0
	chrUn_KN150645v1	0	22839		0
	chrUn_KN150646v1	0	78076		0
	chrUn_KN150647v1	0	14938		0
	chrUn_KN150648v1	0	2077		0
	chrUn_KN150649v1	0	81249		0
	chrUn_KN150650v1	0	3012		0
	chrUn_KN150651v1	0	28018		0
	chrUn_KN150652v1	0	18075		0
	chrUn_KN150653v1	0	55997		0
	chrUn_KN150654v1	0	18414		0
	chrUn_KN150655v1	0	8089		0
	chrUn_KN150656v1	0	28006		0
	chrUn_KN150657v1	0	1007		0
	chrUn_KN150658v1	0	90387		0
	chrUn_KN150659v1	0	11827		0
	chrUn_KN150660v1	0	13470		0
	chrUn_KN150661v1	0	26250		0
	chrUn_KN150662v1	0	17820		0
	chrUn_KN150663v1	0	88608		0
	chrUn_KN150664v1	0	9590		0
	chrUn_KN150665v1	0	11944		0
	chrUn_KN150666v1	0	63484		0
	chrUn_KN150667v1	0	54201		0
	chrUn_KN150668v1	0	21856		0
	chrUn_KN150669v1	0	15325		0
	chrUn_KN150670v1	0	77993		0
	chrUn_KN150671v1	0	13526		0
	chrUn_KN150672v1	0	107610		0
	chrUn_KN150673v1	0	3357		0
	chrUn_KN150674v1	0	13959		0
	chrUn_KN150675v1	0	41858		0
	chrUn_KN150676v1	0	51674		0
	chrUn_KN150677v1	0	66956		0
	chrUn_KN150678v1	0	7552		0
	chrUn_KN150679v1	0	14065		0
	chrUn_KN150680v1	0	13379		0
	chrUn_KN150681v1	0	279222		0
	chrUn_KN150682v1	0	15190		0
	chrUn_KN150683v1	0	16822		0
	chrUn_KN150684v1	0	24053		0
	chrUn_KN150685v1	0	13309		0
	chrUn_KN150686v1	0	11947		0
	chrUn_KN150687v1	0	13294		0
	chrUn_KN150688v1	0	1917		0
	chrUn_KN150689v1	0	19550		0
	chrUn_KN150690v1	0	26145		0
	chrUn_KN150691v1	0	184625		0
	chrUn_KN150692v1	0	12590		0
	chrUn_KN150693v1	0	2190		0
	chrUn_KN150694v1	0	13510		0
	chrUn_KN150695v1	0	14840		0
	chrUn_KN150696v1	0	29565		0
	chrUn_KN150697v1	0	12709		0
	chrUn_KN150698v1	0	31983		0
	chrUn_KN150699v1	0	26100		0
	chrUn_KN150700v1	0	79542		0
	chrUn_KN150701v1	0	1133		0
	chrUn_KN150702v1	0	212296		0
	chrUn_KN150703v1	0	48009		0
	chrUn_KN150704v1	0	1233		0
	chrUn_KN150705v1	0	16373		0
	chrUn_KN150706v1	0	8278		0
	chrUn_KN150707v1	0	16938		0
	chrUn_KN150708v1	0	42677		0
	chrUn_KN150709v1	0	65370		0
	chrUn_KN150710v1	0	19629		0
	chrUn_KN150711v1	0	11940		0
	chrUn_KN150712v1	0	79012		0
	chrUn_KN150713v1	0	14579		0
